{"fbProbsSave": [[[[0.2, 0.2, 0.2, 0.2, 0.2], [0.351737, 2.29714e-27, 0.243875, 0.270139, 0.134248], [0.696814, 4.99022e-53, 4.20826e-15, 4.63069e-25, 0.303186], [0.685815, 2.40355e-75, 2.17702e-17, 3.25139e-24, 0.314185], [0.319579, 5.1793e-75, 3.48683e-18, 1.02046e-24, 0.680421], [0.275367, 4.91793e-129, 1.49215e-56, 1.3753e-59, 0.724633], [0.175618, 3.20693e-151, 8.5438e-56, 5.22626e-59, 0.824382], [0.159977, 1.5889e-178, 2.76588e-74, 3.64308e-83, 0.840023], [0.0746566, 4.15661e-207, 2.12541e-75, 2.65395e-83, 0.925343], [0.081351, 6.01299e-233, 1.87554e-79, 3.84671e-90, 0.918649], [0.0934133, 8.57593e-289, 6.11437e-130, 3.30015e-146, 0.906587]], [[0.2, 0.2, 0.2, 0.2, 0.2], [0.3287, 3.01142e-20, 0.25077, 0.265323, 0.155207], [0.733144, 3.14209e-61, 7.05582e-12, 6.37123e-14, 0.266856], [0.677649, 3.11379e-128, 2.15836e-54, 7.61616e-76, 0.322351], [0.619732, 3.56755e-163, 8.63844e-57, 1.81067e-76, 0.380268], [0.563919, 5.65913e-191, 3.43029e-71, 3.36056e-95, 0.436081], [0.57382, 6.15509e-200, 1.40534e-74, 9.2897e-97, 0.42618], [0.804173, 1.15881e-221, 8.06492e-97, 6.43449e-119, 0.195827], [0.770214, 2.70391e-234, 2.6123e-100, 4.59817e-118, 0.229786], [0.993189, 9.0521e-240, 3.40477e-104, 1.79143e-124, 0.00681125], [1.0, 8.46224e-311, 9.54375e-130, 6.96988e-169, 4.80612e-09]], [[0.2, 0.2, 0.2, 0.2, 0.2], [0.248792, 3.9138e-10, 0.309895, 0.336541, 0.104771], [0.692696, 3.71989e-43, 3.27366e-22, 1.94116e-26, 0.307304], [0.629261, 1.70208e-62, 9.61276e-23, 4.47233e-26, 0.370739], [0.864355, 3.13801e-64, 8.52152e-22, 3.16096e-25, 0.135645], [0.998608, 6.51304e-117, 6.63076e-41, 2.61971e-45, 0.00139213], [1.0, 8.14866e-154, 2.28203e-43, 1.24953e-46, 3.09004e-14], [1.0, 1.67435e-169, 1.27661e-56, 3.84456e-60, 3.72537e-16], [1.0, 5.07995e-200, 2.3343e-77, 5.05143e-82, 6.40548e-22], [1.0, 3.82762e-199, 3.14291e-77, 5.31286e-82, 4.7001e-22], [1.0, 1.18893e-225, 1.97891e-76, 1.57689e-81, 4.46695e-22]], [[0.2, 0.2, 0.2, 0.2, 0.2], [0.381343, 2.30322e-37, 0.236077, 0.213003, 0.169576], [0.51711, 2.74722e-37, 0.0310983, 0.0265823, 0.42521], [0.661331, 7.53842e-76, 8.37346e-14, 3.09594e-14, 0.338669], [0.769718, 3.13663e-190, 2.98427e-13, 1.94573e-19, 0.230282], [0.690224, 4.11782e-207, 1.59627e-24, 1.63302e-26, 0.309776], [0.749028, 1.80281e-208, 4.23488e-25, 3.46939e-28, 0.250972], [0.824686, 3.85554e-220, 1.53443e-29, 1.01876e-35, 0.175314], [0.969995, 7.23068e-222, 4.88989e-31, 1.92188e-38, 0.0300046], [0.995927, 3.73869e-225, 8.16563e-35, 1.06694e-42, 0.00407256], [0.998133, 3.94224e-299, 7.68019e-93, 4.93622e-114, 0.0018671]], [[0.2, 0.2, 0.2, 0.2, 0.2], [0.395508, 3.29962e-51, 0.221228, 0.208999, 0.174266], [0.2895, 2.19559e-51, 0.374656, 0.296787, 0.0390574], [0.912589, 2.13419e-72, 1.04624e-09, 1.51773e-22, 0.0874109], [0.835039, 6.2766e-71, 6.27218e-09, 4.83063e-22, 0.164961], [0.998784, 9.3296e-98, 1.96534e-36, 1.37588e-34, 0.00121643], [0.992528, 1.82765e-97, 8.23772e-37, 3.99896e-35, 0.00747241], [0.998821, 5.18441e-122, 8.86332e-39, 1.34227e-43, 0.00117883], [0.996883, 8.44792e-152, 2.21219e-41, 5.8115e-73, 0.00311667], [1.0, 2.23391e-190, 7.81444e-76, 6.11609e-88, 1.09293e-08], [1.0, 5.02718e-194, 3.71509e-75, 1.24742e-87, 8.7364e-09]], [[0.2, 0.2, 0.2, 0.2, 0.2], [0.404938, 2.90888e-34, 0.211253, 0.241038, 0.142771], [0.0938378, 6.43945e-34, 0.388842, 0.484205, 0.0331152], [0.306447, 6.85511e-70, 0.68708, 0.000711157, 0.00576148], [1.0, 2.07377e-91, 6.20041e-19, 2.30541e-24, 2.69656e-09], [1.0, 8.78669e-147, 1.65546e-18, 2.61128e-34, 2.56228e-09], [1.0, 1.31372e-171, 4.63713e-19, 1.74874e-33, 8.25605e-09], [1.0, 6.32882e-239, 1.14146e-76, 3.97682e-83, 3.44041e-26], [1.0, 1.0027e-237, 1.29392e-75, 3.16836e-82, 1.71439e-25], [1.0, 3.1633e-263, 1.46687e-99, 1.68458e-105, 4.3372e-35], [1.0, 1.21523e-265, 5.28672e-101, 9.05214e-107, 2.31849e-35]], [[0.2, 0.2, 0.2, 0.2, 0.2], [0.434565, 9.69964e-68, 0.227031, 0.186212, 0.152192], [0.669733, 1.66138e-94, 0.0116334, 0.000570518, 0.318063], [0.617706, 7.91666e-134, 9.07687e-36, 1.99342e-44, 0.382294], [0.612834, 6.75857e-163, 2.02682e-37, 1.39365e-50, 0.387166], [0.844246, 7.52365e-168, 4.65484e-43, 8.4185e-53, 0.155754], [0.940051, 3.06367e-207, 3.02458e-43, 5.33293e-73, 0.0599493], [1.0, 2.34911e-247, 1.10643e-78, 4.38062e-97, 7.40061e-17], [1.0, 6.14425e-274, 7.34408e-81, 1.19848e-103, 1.07458e-16], [1.0, 6.29985e-301, 2.99946e-100, 3.65118e-115, 1.26269e-16], [1.0, 0.0, 2.84219e-111, 2.84972e-142, 1.38035e-16]], [[0.2, 0.2, 0.2, 0.2, 0.2], [0.371637, 1.24342e-29, 0.237584, 0.236904, 0.153875], [0.67234, 1.14863e-36, 6.9262e-09, 2.79543e-09, 0.32766], [0.710198, 1.6661e-59, 8.41356e-09, 2.87196e-09, 0.289802], [1.0, 7.45665e-92, 8.84142e-41, 6.96223e-41, 1.78507e-13], [1.0, 5.42161e-118, 6.38181e-44, 1.31543e-44, 1.28032e-13], [1.0, 5.59186e-161, 1.02735e-87, 3.44159e-88, 1.46754e-13], [1.0, 4.77789e-185, 6.27658e-95, 1.65002e-105, 1.96083e-13], [1.0, 1.14626e-184, 1.43023e-94, 1.94039e-105, 7.28253e-14], [1.0, 7.05886e-213, 5.92342e-102, 1.51677e-113, 4.9201e-14], [1.0, 2.19019e-214, 2.97628e-101, 9.70793e-114, 3.62364e-14]], [[0.2, 0.2, 0.2, 0.2, 0.2], [0.323976, 6.40656e-19, 0.261258, 0.261215, 0.153551], [0.629079, 1.44742e-30, 4.38821e-06, 1.59781e-06, 0.370915], [0.711777, 3.66123e-49, 2.19734e-21, 1.21218e-21, 0.288223], [0.671979, 6.92231e-50, 5.31687e-21, 2.96419e-21, 0.328021], [0.621529, 1.76729e-78, 9.08539e-35, 5.74523e-36, 0.378471], [0.561535, 5.36335e-119, 4.50926e-38, 1.67172e-38, 0.438465], [0.565032, 1.86053e-126, 1.67141e-37, 5.31632e-38, 0.434968], [0.629189, 7.53365e-156, 9.2309e-64, 4.95831e-65, 0.370811], [0.460234, 1.99509e-191, 2.55501e-68, 5.13934e-73, 0.539766], [0.242899, 2.80418e-219, 1.7132e-95, 2.97612e-99, 0.757101]], [[0.2, 0.2, 0.2, 0.2, 0.2], [0.379032, 1.01979e-29, 0.242047, 0.231347, 0.147574], [0.725994, 8.44834e-38, 7.849e-09, 1.72264e-09, 0.274006], [0.645293, 1.64996e-63, 2.23311e-08, 5.08922e-09, 0.354707], [0.682224, 7.76387e-107, 8.10306e-41, 6.05271e-39, 0.317776], [0.52055, 4.76376e-129, 3.11542e-40, 9.56099e-39, 0.47945], [0.828512, 2.76857e-136, 7.22585e-42, 5.73458e-40, 0.171488], [0.866992, 2.84514e-176, 5.72576e-82, 5.80022e-80, 0.133008], [0.751555, 2.95373e-225, 4.8999e-96, 2.2698e-100, 0.248445], [0.708049, 1.26443e-240, 3.22038e-95, 2.1845e-99, 0.291951], [0.699392, 2.32822e-250, 1.4779e-103, 6.35467e-108, 0.300608]], [[0.2, 0.2, 0.2, 0.2, 0.2], [0.299707, 2.84959e-13, 0.277753, 0.30431, 0.11823], [0.699405, 1.38973e-45, 9.15192e-19, 5.33081e-18, 0.300595], [0.672108, 4.41119e-57, 6.0873e-22, 3.91452e-21, 0.327892], [0.884466, 1.81418e-82, 3.20948e-38, 8.69499e-42, 0.115534], [0.620289, 4.79106e-82, 8.66647e-38, 3.78774e-41, 0.379711], [0.513693, 8.33775e-102, 1.76634e-56, 2.41913e-57, 0.486307], [0.321993, 3.75028e-118, 1.7413e-60, 1.07309e-61, 0.678007], [0.882294, 5.65725e-152, 1.13207e-92, 2.90765e-96, 0.117706], [0.980607, 1.40908e-203, 1.46772e-113, 8.57845e-124, 0.019393], [0.986561, 3.67055e-208, 6.71574e-118, 7.91952e-129, 0.0134386]], [[0.2, 0.2, 0.2, 0.2, 0.2], [0.333212, 2.1696e-30, 0.265926, 0.208534, 0.192328], [0.661272, 6.52148e-77, 2.02498e-13, 8.82375e-13, 0.338728], [0.458747, 4.50152e-78, 3.3993e-15, 6.43971e-15, 0.541253], [0.409869, 2.60628e-123, 2.20739e-24, 4.68512e-27, 0.590131], [0.486949, 2.23059e-216, 6.31569e-24, 1.30797e-26, 0.513051], [0.484097, 1.60007e-250, 1.96402e-26, 1.66828e-27, 0.515903], [0.435488, 3.07981e-316, 6.16587e-71, 5.55835e-92, 0.564512], [0.45225, 0.0, 1.05097e-79, 2.38734e-100, 0.54775], [0.253855, 0.0, 1.30042e-80, 1.29875e-102, 0.746145], [0.948436, 0.0, 8.70301e-93, 4.26498e-101, 0.0515644]], [[0.2, 0.2, 0.2, 0.2, 0.2], [0.361729, 9.6007e-35, 0.222415, 0.231307, 0.184549], [0.631163, 1.68155e-48, 6.76588e-09, 6.00702e-10, 0.368837], [0.725438, 1.338e-57, 3.40514e-18, 6.00983e-19, 0.274562], [0.744232, 1.28792e-105, 2.63375e-18, 5.04286e-27, 0.255768], [0.751413, 9.10187e-104, 1.85462e-17, 3.26666e-26, 0.248587], [0.807311, 2.28141e-162, 4.86442e-32, 3.92876e-76, 0.192689], [0.797038, 1.68236e-213, 8.7171e-35, 5.21809e-80, 0.202962], [0.738796, 4.56636e-268, 2.38786e-45, 1.60503e-124, 0.261204], [0.568192, 4.63311e-282, 6.20775e-60, 1.68947e-139, 0.431808], [0.55671, 1.53801e-317, 6.1762e-59, 3.21025e-148, 0.44329]], [[0.2, 0.2, 0.2, 0.2, 0.2], [0.36567, 7.04067e-41, 0.252923, 0.21534, 0.166068], [0.701989, 1.13182e-92, 7.46452e-13, 8.66011e-13, 0.298011], [0.701787, 3.07477e-140, 2.24373e-32, 2.76092e-61, 0.298213], [0.698055, 5.72382e-195, 7.09055e-35, 2.68174e-80, 0.301945], [0.757404, 1.98627e-216, 1.35856e-54, 2.155e-94, 0.242596], [0.683318, 5.9072e-221, 1.45018e-54, 6.0079e-94, 0.316682], [0.805277, 1.9371e-292, 3.9506e-66, 1.3654e-164, 0.194723], [0.815855, 3.58632e-306, 8.41286e-76, 3.18984e-169, 0.184145], [0.85603, 2.90297e-313, 4.67725e-76, 2.56514e-174, 0.14397], [0.807258, 0.0, 4.8823e-121, 4.38084e-213, 0.192742]], [[0.2, 0.2, 0.2, 0.2, 0.2], [0.402263, 2.46704e-43, 0.255528, 0.213525, 0.128684], [0.736417, 1.03398e-46, 3.88977e-05, 1.0231e-05, 0.263534], [0.606071, 1.11301e-114, 2.95694e-06, 2.68205e-46, 0.393926], [0.267492, 1.94217e-121, 1.59371e-09, 5.37042e-53, 0.732508], [0.566071, 2.70548e-155, 3.61884e-11, 2.45446e-57, 0.433929], [0.881595, 4.18018e-211, 7.86105e-52, 8.50252e-71, 0.118405], [0.92806, 1.51993e-256, 2.53172e-95, 3.36627e-101, 0.0719403], [0.999996, 1.27956e-270, 1.7021e-105, 4.39443e-113, 4.20142e-06], [1.0, 1.58318e-277, 1.78532e-104, 3.52359e-112, 7.35278e-10], [1.0, 0.0, 1.0905e-150, 5.44346e-163, 4.17867e-11]], [[0.2, 0.2, 0.2, 0.2, 0.2], [0.362783, 9.08358e-45, 0.235181, 0.239415, 0.162621], [0.777307, 1.71463e-105, 3.55846e-11, 9.38985e-11, 0.222693], [0.740511, 6.99419e-118, 1.31449e-10, 5.76759e-13, 0.259489], [0.625029, 4.45338e-150, 4.29614e-41, 5.43872e-45, 0.374971], [0.509479, 2.12494e-180, 3.763e-41, 4.37214e-49, 0.490521], [0.413827, 1.55118e-207, 5.09286e-64, 3.11406e-77, 0.586173], [0.552509, 5.79192e-317, 2.74884e-100, 6.25792e-126, 0.447491], [0.726708, 0.0, 6.36917e-126, 4.09147e-166, 0.273292], [0.718182, 0.0, 2.81229e-126, 4.13677e-165, 0.281818], [0.794388, 0.0, 5.32263e-131, 1.68838e-183, 0.205612]], [[0.2, 0.2, 0.2, 0.2, 0.2], [0.437306, 4.25651e-59, 0.202058, 0.209371, 0.151265], [0.703751, 1.10952e-68, 0.000284787, 5.92383e-07, 0.295963], [0.92453, 7.84152e-82, 7.73142e-05, 1.60414e-06, 0.0753909], [0.986581, 2.36756e-82, 0.000156631, 7.48484e-06, 0.0132549], [0.995393, 4.17555e-148, 7.29035e-24, 5.13189e-28, 0.00460663], [0.993259, 8.83084e-188, 1.18299e-26, 1.44931e-36, 0.00674112], [0.985344, 2.11679e-259, 3.30873e-77, 1.326e-104, 0.0146558], [0.9999, 0.0, 2.19796e-130, 9.14784e-177, 9.99244e-05], [0.999949, 0.0, 1.07609e-140, 3.27139e-195, 5.05501e-05], [0.999939, 0.0, 1.65025e-145, 1.42199e-200, 6.13293e-05]], [[0.2, 0.2, 0.2, 0.2, 0.2], [0.308955, 1.03151e-25, 0.253339, 0.290232, 0.147474], [0.17487, 1.63389e-59, 0.35132, 0.37176, 0.102051], [0.230611, 3.20861e-63, 0.336893, 0.200323, 0.232174], [0.486062, 2.62784e-75, 0.0619774, 0.0934025, 0.358558], [0.41888, 3.23475e-101, 5.36536e-16, 1.41205e-28, 0.58112], [0.59154, 1.90014e-136, 2.93577e-29, 3.92952e-36, 0.40846], [0.293886, 3.5196e-137, 1.75717e-30, 8.19272e-38, 0.706114], [0.417597, 3.3454e-195, 1.87403e-51, 4.09235e-58, 0.582403], [0.337293, 9.51393e-217, 1.39833e-51, 4.35957e-62, 0.662707], [0.341783, 2.50543e-292, 1.55599e-61, 1.0205e-80, 0.658217]], [[0.2, 0.2, 0.2, 0.2, 0.2], [0.342444, 3.19739e-34, 0.249403, 0.284561, 0.123591], [0.84422, 1.47944e-106, 1.25655e-22, 8.4273e-32, 0.15578], [0.854306, 4.09577e-111, 2.11354e-24, 1.14696e-31, 0.145694], [0.786617, 3.84943e-165, 6.30544e-40, 6.81942e-49, 0.213383], [0.797316, 2.63747e-196, 8.62958e-71, 4.08208e-78, 0.202684], [0.784678, 2.72622e-208, 1.64927e-72, 5.76124e-78, 0.215322], [0.763986, 1.72601e-227, 9.12605e-79, 1.06907e-88, 0.236014], [0.754629, 8.12229e-263, 3.58655e-114, 1.31249e-123, 0.245371], [0.833164, 9.67121e-318, 5.60301e-143, 1.21697e-160, 0.166836], [0.831824, 0.0, 5.14214e-201, 1.41537e-203, 0.168176]], [[0.2, 0.2, 0.2, 0.2, 0.2], [0.368561, 1.83146e-37, 0.234654, 0.255461, 0.141324], [0.793735, 1.28565e-92, 4.82308e-20, 1.80705e-20, 0.206265], [0.760665, 7.44903e-143, 3.4211e-23, 9.6118e-27, 0.239335], [0.787766, 1.10035e-182, 7.24432e-42, 5.52329e-56, 0.212234], [0.690753, 1.47091e-214, 2.45351e-55, 7.27352e-78, 0.309247], [0.718839, 3.78294e-237, 4.82848e-79, 1.63715e-96, 0.281161], [0.769857, 5.32798e-256, 1.22904e-85, 6.7304e-96, 0.230143], [0.78177, 5.44532e-308, 3.69213e-137, 7.24722e-121, 0.21823], [0.806737, 0.0, 7.34429e-153, 5.65261e-142, 0.193263], [0.855266, 0.0, 2.46233e-171, 1.79476e-142, 0.144734]], [[0.2, 0.2, 0.2, 0.2, 0.2], [0.346964, 4.99953e-20, 0.270304, 0.257304, 0.125429], [0.789967, 3.75541e-88, 1.79609e-12, 1.54176e-18, 0.210033], [0.908092, 2.70508e-149, 2.88142e-18, 5.11779e-27, 0.0919076], [0.97519, 5.67769e-207, 2.01151e-33, 1.06483e-45, 0.02481], [0.97585, 3.3784e-242, 2.74598e-41, 2.91694e-52, 0.0241499], [0.966895, 3.5577e-271, 2.19313e-51, 2.82636e-68, 0.0331054], [0.985638, 1.69251e-281, 9.1126e-51, 3.0226e-72, 0.0143624], [0.999969, 1.19809e-285, 1.85016e-55, 1.00572e-74, 3.06848e-05], [0.999972, 2.36836e-301, 2.66367e-63, 2.7016e-87, 2.76094e-05], [0.999976, 0.0, 2.692e-63, 1.18117e-88, 2.3647e-05]], [[0.2, 0.2, 0.2, 0.2, 0.2], [0.310328, 1.87796e-29, 0.237905, 0.284365, 0.167402], [0.45665, 1.63719e-35, 0.135278, 0.132032, 0.27604], [0.0670442, 1.66055e-34, 0.194418, 0.192747, 0.545791], [0.884383, 8.59772e-50, 0.0771474, 0.000283499, 0.0381862], [0.999979, 3.57398e-61, 2.97721e-11, 3.20466e-11, 2.09803e-05], [0.999988, 2.27198e-103, 7.67394e-11, 1.14269e-10, 1.17246e-05], [1.0, 2.2352e-147, 9.51571e-33, 9.33312e-27, 5.44358e-12], [1.0, 8.85252e-154, 7.65379e-40, 4.40061e-34, 3.49381e-12], [1.0, 3.99475e-179, 1.43521e-48, 3.09709e-39, 3.6775e-12], [1.0, 1.3421e-215, 4.82946e-86, 8.82678e-76, 3.33312e-12]], [[0.2, 0.2, 0.2, 0.2, 0.2], [0.327896, 4.65643e-26, 0.245026, 0.307955, 0.119123], [0.704335, 4.3991e-46, 1.62996e-18, 7.61453e-20, 0.295665], [0.682612, 2.74122e-105, 3.37645e-53, 5.29539e-61, 0.317388], [0.719077, 7.58002e-136, 3.02153e-56, 3.9323e-62, 0.280923], [0.791239, 1.12575e-180, 1.0122e-76, 2.26492e-87, 0.208761], [0.794364, 5.2773e-206, 7.33889e-76, 3.34873e-87, 0.205636], [0.823214, 3.27052e-234, 4.17747e-105, 3.58401e-116, 0.176786], [0.722955, 1.80915e-261, 1.91445e-104, 1.81437e-115, 0.277045], [0.730194, 8.9635e-306, 2.92888e-141, 5.97334e-151, 0.269806], [0.762062, 4.6e-322, 6.98409e-152, 1.26768e-160, 0.237938]], [[0.2, 0.2, 0.2, 0.2, 0.2], [0.485694, 4.3643e-79, 0.195164, 0.184423, 0.134719], [0.849376, 2.42953e-133, 2.10872e-10, 1.5277e-14, 0.150624], [0.777492, 2.48379e-152, 5.97371e-27, 1.69697e-34, 0.222508], [0.848263, 2.83014e-219, 1.51067e-32, 8.29189e-41, 0.151737], [0.818843, 9.07181e-232, 7.25138e-39, 4.96868e-43, 0.181157], [0.825487, 7.36294e-266, 4.71891e-52, 9.49997e-64, 0.174513], [0.802592, 2.88466e-277, 1.32454e-53, 2.98111e-63, 0.197408], [0.995453, 4.77018e-281, 6.19469e-54, 3.83805e-62, 0.00454735], [0.999733, 9.14739e-291, 8.55939e-54, 2.59285e-64, 0.000267044], [0.999713, 2.43608e-305, 3.53654e-67, 3.55261e-69, 0.0002868]], [[0.2, 0.2, 0.2, 0.2, 0.2], [0.392667, 2.34907e-48, 0.191492, 0.24479, 0.171052], [0.750474, 5.61519e-103, 8.16751e-15, 3.43391e-17, 0.249526], [0.738993, 5.09821e-129, 4.8708e-40, 1.20238e-43, 0.261007], [0.719229, 1.94231e-184, 1.97128e-40, 3.96321e-86, 0.280771], [0.757024, 1.02539e-201, 2.84612e-59, 2.71417e-101, 0.242976], [0.677286, 5.89621e-269, 1.65311e-61, 1.09027e-108, 0.322714], [0.739494, 0.0, 3.20806e-78, 4.87274e-126, 0.260506], [0.552097, 0.0, 1.51453e-79, 2.87772e-128, 0.447903], [0.551174, 0.0, 5.70082e-81, 3.49516e-132, 0.448826], [0.339633, 0.0, 7.60454e-81, 6.31108e-132, 0.660367]], [[0.2, 0.2, 0.2, 0.2, 0.2], [0.38952, 5.72134e-52, 0.253975, 0.197258, 0.159247], [0.471503, 2.81516e-53, 0.129996, 0.0665801, 0.331921], [0.597496, 5.5129e-101, 0.0314843, 0.0106573, 0.360362], [0.59934, 1.65998e-116, 3.15062e-10, 9.4663e-12, 0.40066], [0.454659, 5.3975e-130, 2.69993e-24, 1.56449e-24, 0.545341], [0.603496, 3.52157e-139, 6.84371e-24, 2.60066e-25, 0.396504], [0.642548, 1.4413e-190, 7.11905e-48, 8.83123e-57, 0.357452], [0.551055, 5.02266e-191, 1.79522e-49, 4.23108e-58, 0.448945], [0.788286, 1.03204e-237, 5.32898e-94, 1.84388e-78, 0.211714], [0.869667, 3.7332e-318, 3.09173e-143, 9.74973e-78, 0.130333]], [[0.2, 0.2, 0.2, 0.2, 0.2], [0.439332, 4.44407e-52, 0.229345, 0.208087, 0.123236], [0.765895, 5.12169e-65, 2.16483e-05, 4.61611e-08, 0.234083], [0.854612, 7.1282e-67, 3.32059e-07, 7.24072e-08, 0.145387], [0.993936, 2.19314e-80, 7.32514e-15, 2.80155e-22, 0.0060636], [0.99453, 2.78957e-119, 3.81976e-16, 7.43328e-38, 0.00547049], [0.991754, 3.70233e-124, 5.4356e-21, 5.02001e-40, 0.00824633], [1.0, 8.12958e-255, 2.29421e-25, 9.67703e-102, 9.30202e-20], [1.0, 1.58166e-294, 2.0195e-30, 4.21284e-105, 6.47914e-20], [1.0, 2.82176e-296, 3.7513e-33, 4.95732e-107, 4.86754e-20], [1.0, 1.5e-323, 3.85723e-40, 1.7028e-108, 1.91017e-20]], [[0.2, 0.2, 0.2, 0.2, 0.2], [0.310631, 3.92271e-20, 0.256342, 0.273161, 0.159866], [0.663711, 8.85882e-43, 9.63379e-18, 2.7806e-24, 0.336289], [0.671026, 1.05346e-78, 1.69989e-27, 1.47776e-24, 0.328974], [0.621099, 1.602e-90, 2.65041e-28, 3.99089e-32, 0.378901], [0.620042, 1.00891e-101, 2.23684e-40, 2.26028e-37, 0.379958], [0.579381, 4.45268e-117, 4.53002e-51, 3.24662e-38, 0.420619], [0.532832, 2.45503e-186, 3.16861e-65, 2.3707e-101, 0.467168], [0.507102, 3.62969e-239, 2.28563e-68, 3.63634e-139, 0.492898], [0.488462, 8.19726e-265, 2.52523e-85, 1.63982e-160, 0.511538], [0.756079, 0.0, 1.4816e-101, 9.96347e-163, 0.243921]], [[0.2, 0.2, 0.2, 0.2, 0.2], [0.358242, 2.78083e-31, 0.241363, 0.243045, 0.15735], [0.709825, 8.01633e-87, 5.8868e-36, 2.60239e-36, 0.290175], [0.65057, 4.88998e-91, 1.12006e-37, 3.68997e-39, 0.34943], [0.761039, 1.76496e-113, 6.89709e-61, 5.2041e-60, 0.238961], [0.765932, 6.75524e-159, 2.1771e-60, 6.08573e-78, 0.234068], [0.921179, 3.96589e-161, 5.41931e-60, 4.00531e-77, 0.078821], [0.992871, 8.50885e-178, 4.89156e-63, 1.06687e-90, 0.00712882], [0.991625, 1.66394e-181, 1.58355e-67, 9.13915e-94, 0.00837511], [0.999932, 2.12432e-227, 2.51168e-74, 4.49399e-97, 6.83162e-05], [0.999957, 2.06627e-305, 5.88824e-138, 4.42519e-120, 4.33944e-05]], [[0.2, 0.2, 0.2, 0.2, 0.2], [0.312956, 1.16629e-13, 0.273812, 0.293701, 0.119531], [0.717733, 7.46133e-79, 8.12874e-22, 2.50884e-28, 0.282267], [0.659556, 1.18459e-86, 6.44612e-31, 5.99019e-37, 0.340444], [0.608111, 6.08227e-92, 2.50339e-30, 2.69771e-36, 0.391889], [0.805537, 7.78712e-115, 1.04038e-34, 8.49191e-58, 0.194463], [0.763429, 6.73338e-133, 1.22342e-44, 3.91043e-62, 0.236571], [0.757338, 1.26351e-144, 2.34927e-54, 1.49555e-74, 0.242662], [0.525014, 2.11033e-148, 4.08477e-55, 5.46471e-74, 0.474986], [0.811931, 2.03883e-155, 9.84214e-59, 4.99725e-73, 0.188069], [0.993963, 6.78452e-184, 5.83425e-77, 7.07323e-99, 0.0060366]], [[0.2, 0.2, 0.2, 0.2, 0.2], [0.238169, 3.54187e-09, 0.309589, 0.357627, 0.0946156], [0.660365, 2.91111e-47, 5.83049e-06, 5.95399e-14, 0.339629], [0.542088, 1.75014e-56, 3.92431e-07, 6.74905e-14, 0.457912], [0.143254, 1.28707e-55, 5.62521e-07, 1.00508e-13, 0.856746], [0.206791, 1.61162e-114, 9.07036e-66, 1.07443e-68, 0.793209], [0.208754, 6.87252e-135, 9.55654e-82, 2.75303e-85, 0.791246], [0.124978, 6.20177e-140, 2.18169e-81, 7.08202e-85, 0.875022], [0.45682, 2.82005e-194, 9.3959e-106, 9.77848e-102, 0.54318], [0.37792, 1.22989e-261, 2.01798e-105, 1.00992e-103, 0.62208], [0.41942, 3.73363e-279, 6.70504e-114, 1.62016e-110, 0.58058]], [[0.2, 0.2, 0.2, 0.2, 0.2], [0.377189, 1.46053e-37, 0.253443, 0.223092, 0.146277], [0.760741, 9.21996e-111, 4.24421e-19, 4.55577e-24, 0.239259], [0.760253, 2.79702e-123, 4.72134e-25, 1.35591e-26, 0.239747], [0.758621, 7.89435e-163, 2.5027e-47, 2.25742e-64, 0.241379], [0.693312, 1.22241e-206, 3.77491e-63, 1.30614e-71, 0.306688], [0.526447, 1.52261e-241, 1.39328e-62, 1.40309e-71, 0.473553], [0.552074, 2.01002e-255, 8.55552e-76, 4.30129e-84, 0.447926], [0.874519, 7.15827e-264, 2.98933e-81, 1.92674e-93, 0.125481], [0.871107, 4.74371e-286, 1.60644e-93, 8.10467e-93, 0.128893], [1.0, 9.92613e-312, 6.05882e-102, 2.2927e-119, 1.89203e-09]], [[0.2, 0.2, 0.2, 0.2, 0.2], [0.361104, 2.13453e-29, 0.257705, 0.210419, 0.170772], [0.62785, 2.90021e-58, 7.63204e-12, 3.48267e-14, 0.37215], [0.334928, 2.46094e-57, 2.09642e-11, 1.37106e-13, 0.665072], [0.307308, 9.83693e-79, 8.5763e-11, 1.6441e-12, 0.692692], [0.365837, 4.08295e-160, 6.00372e-29, 8.64256e-55, 0.634163], [0.369362, 1.49485e-170, 4.71989e-38, 4.9132e-60, 0.630638], [0.219986, 2.09671e-191, 1.51231e-37, 3.5969e-60, 0.780014], [0.238729, 2.06715e-230, 8.12415e-60, 2.92479e-80, 0.761271], [0.200912, 4.85578e-232, 3.26591e-59, 2.22688e-80, 0.799088], [0.2252, 9.30332e-262, 2.10782e-83, 1.30738e-109, 0.7748]], [[0.2, 0.2, 0.2, 0.2, 0.2], [0.329756, 4.42715e-25, 0.244576, 0.26498, 0.160687], [0.606981, 4.67307e-37, 3.34613e-12, 2.0364e-13, 0.393019], [0.314606, 2.16115e-36, 1.82467e-11, 9.69047e-13, 0.685394], [0.610332, 4.95158e-98, 1.52617e-43, 8.21829e-55, 0.389668], [0.487946, 2.47732e-98, 2.33577e-44, 4.9291e-54, 0.512054], [0.932121, 5.59653e-101, 9.39907e-47, 1.03701e-52, 0.0678794], [0.999985, 2.02841e-107, 4.98803e-51, 3.82157e-60, 1.46803e-05], [0.999931, 2.18758e-106, 3.77953e-50, 1.07597e-59, 6.86504e-05], [1.0, 6.3985e-124, 6.80565e-65, 9.76423e-77, 1.02093e-12], [1.0, 6.63106e-177, 1.24235e-112, 4.10958e-78, 7.92338e-13]], [[0.2, 0.2, 0.2, 0.2, 0.2], [0.330435, 1.47944e-24, 0.251753, 0.270588, 0.147224], [0.744194, 7.59956e-104, 8.99242e-47, 2.7061e-49, 0.255806], [0.623055, 5.62698e-110, 3.18623e-54, 2.59969e-55, 0.376945], [0.705053, 5.65746e-171, 4.75187e-54, 1.75047e-55, 0.294947], [0.783948, 1.41529e-231, 3.07379e-67, 1.65045e-72, 0.216052], [0.806403, 3.39531e-242, 2.8755e-70, 3.98621e-73, 0.193597], [0.61466, 4.05599e-281, 3.88255e-83, 2.96954e-92, 0.38534], [0.59757, 4.8006e-309, 9.19521e-84, 1.0607e-91, 0.40243], [0.588281, 0.0, 2.10795e-135, 7.48679e-134, 0.411719], [0.556837, 0.0, 8.97279e-139, 2.50555e-137, 0.443163]], [[0.2, 0.2, 0.2, 0.2, 0.2], [0.337402, 3.02727e-28, 0.225824, 0.296419, 0.140355], [0.321462, 2.17358e-36, 0.243669, 0.291765, 0.143104], [0.637312, 1.11161e-96, 4.20738e-36, 2.21138e-58, 0.362688], [0.488924, 4.27725e-107, 2.19111e-44, 8.55e-69, 0.511076], [0.721907, 4.10422e-126, 7.32526e-56, 1.28166e-80, 0.278093], [0.758104, 1.97652e-150, 1.93919e-72, 2.44949e-90, 0.241896], [0.995363, 2.17835e-149, 2.39863e-72, 2.75784e-90, 0.00463701], [0.999742, 5.97384e-181, 9.55007e-83, 8.46976e-113, 0.000257927], [1.0, 1.90982e-259, 3.41093e-162, 1.03362e-190, 1.95808e-26], [1.0, 0.0, 6.33145e-172, 3.81852e-255, 1.99178e-26]], [[0.2, 0.2, 0.2, 0.2, 0.2], [0.304285, 2.72931e-22, 0.233503, 0.296323, 0.165889], [0.629548, 1.65529e-43, 4.11765e-16, 1.30449e-17, 0.370452], [0.930109, 1.22801e-59, 6.72883e-23, 2.9228e-32, 0.0698911], [0.997838, 7.14471e-63, 5.21737e-22, 2.03903e-31, 0.00216218], [0.997106, 2.41383e-65, 8.01828e-23, 7.19355e-34, 0.00289392], [0.998684, 8.85849e-134, 1.93383e-26, 5.13719e-47, 0.00131569], [0.998613, 6.2652e-182, 1.2309e-26, 1.43298e-74, 0.00138674], [0.995326, 4.77512e-196, 1.63087e-38, 1.66353e-89, 0.00467386], [0.997378, 9.1533e-201, 1.33064e-43, 4.80454e-95, 0.00262247], [1.0, 8.83105e-244, 4.14673e-72, 1.61647e-124, 3.28743e-14]], [[0.2, 0.2, 0.2, 0.2, 0.2], [0.386774, 7.70313e-41, 0.186315, 0.233992, 0.192919], [0.190914, 1.49629e-40, 0.250287, 0.291257, 0.267542], [0.628769, 3.21429e-58, 0.33211, 1.80139e-07, 0.0391208], [0.956762, 5.69264e-80, 4.03006e-15, 3.57531e-20, 0.043238], [0.954774, 1.19696e-148, 6.275e-15, 9.68794e-20, 0.0452258], [0.950145, 2.31429e-184, 4.69676e-18, 1.86238e-23, 0.0498546], [0.942104, 1.45212e-235, 1.73345e-21, 5.35059e-30, 0.0578963], [0.991196, 5.19874e-282, 4.22619e-58, 2.65292e-66, 0.00880426], [0.991953, 0.0, 4.85791e-57, 1.0731e-68, 0.00804679], [0.98923, 0.0, 1.3489e-84, 8.70314e-97, 0.01077]], [[0.2, 0.2, 0.2, 0.2, 0.2], [0.320301, 2.50664e-26, 0.25242, 0.297035, 0.130243], [0.32938, 2.33848e-29, 0.235581, 0.234747, 0.200292], [0.169336, 1.54808e-59, 0.594614, 0.227999, 0.00805168], [0.864208, 2.01e-60, 0.0436341, 0.0211709, 0.070987], [1.0, 1.45375e-104, 2.0609e-40, 1.74818e-43, 3.46802e-08], [1.0, 8.64019e-209, 1.66278e-39, 3.65373e-52, 1.22381e-07], [1.0, 9.01617e-217, 1.45125e-47, 2.53763e-60, 1.73698e-07], [1.0, 1.00867e-236, 1.55846e-46, 5.75896e-60, 8.48468e-10], [1.0, 4.89007e-271, 4.32843e-74, 1.01051e-84, 1.08684e-28], [1.0, 1.02779e-301, 3.97759e-104, 2.13556e-114, 6.94293e-29]], [[0.2, 0.2, 0.2, 0.2, 0.2], [0.435133, 7.38785e-48, 0.223904, 0.227699, 0.113264], [0.83015, 6.56559e-95, 3.75235e-20, 1.19782e-23, 0.16985], [0.848385, 2.70536e-132, 9.58704e-58, 1.13216e-60, 0.151615], [0.861362, 8.17383e-220, 4.41599e-121, 3.73847e-132, 0.138638], [0.879176, 8.59157e-264, 1.80543e-149, 5.02182e-166, 0.120824], [0.867167, 5.54925e-267, 2.66906e-150, 4.34741e-168, 0.132833], [0.59518, 3.22154e-266, 5.33752e-150, 1.92128e-167, 0.40482], [0.696198, 1.47972e-279, 6.85748e-164, 2.43901e-177, 0.303802], [0.845403, 0.0, 4.86732e-200, 6.16145e-215, 0.154597], [0.819237, 0.0, 4.76034e-200, 2.57606e-215, 0.180763]], [[0.2, 0.2, 0.2, 0.2, 0.2], [0.353308, 3.229e-26, 0.245124, 0.238132, 0.163436], [0.59411, 1.68954e-28, 0.0153576, 0.011734, 0.378799], [0.957943, 2.04673e-34, 0.0040752, 1.84149e-05, 0.0379638], [0.945263, 4.2115e-34, 0.000665433, 3.72978e-06, 0.0540677], [0.939817, 2.07449e-65, 7.84929e-36, 1.48862e-34, 0.0601833], [0.899558, 1.81618e-70, 2.62624e-35, 1.51691e-33, 0.100442], [0.767801, 2.61047e-125, 1.47464e-36, 6.71457e-46, 0.232199], [0.883671, 2.45937e-169, 1.06373e-48, 2.59946e-50, 0.116329], [0.8908, 1.03011e-207, 4.63081e-79, 2.72348e-79, 0.1092], [0.593106, 1.97949e-208, 8.22506e-81, 5.86748e-81, 0.406894]], [[0.2, 0.2, 0.2, 0.2, 0.2], [0.361226, 1.6379e-32, 0.213153, 0.237957, 0.187665], [0.628211, 3.31609e-47, 3.05272e-06, 1.74416e-07, 0.371786], [0.578413, 3.19032e-66, 1.82935e-05, 1.52126e-06, 0.421567], [0.566475, 1.0472e-75, 2.25598e-15, 1.5871e-15, 0.433525], [0.732436, 9.0783e-88, 2.4754e-15, 8.15043e-16, 0.267564], [0.830776, 6.23401e-103, 2.71332e-31, 2.01073e-31, 0.169224], [0.995916, 1.77255e-112, 1.02315e-32, 1.83374e-32, 0.00408373], [0.999912, 8.29863e-122, 9.63319e-42, 2.28635e-40, 8.78379e-05], [0.999972, 1.34756e-123, 2.16219e-41, 2.97007e-40, 2.75949e-05], [0.999989, 3.37602e-130, 1.05239e-48, 3.753e-47, 1.11584e-05]], [[0.2, 0.2, 0.2, 0.2, 0.2], [0.364697, 1.421e-39, 0.244105, 0.222148, 0.16905], [0.702994, 9.39336e-65, 3.11872e-08, 1.06783e-09, 0.297006], [0.654, 3.43818e-117, 4.70405e-10, 2.83807e-14, 0.346], [0.51101, 8.31398e-118, 3.77717e-09, 1.56071e-13, 0.48899], [0.703201, 8.46848e-183, 1.97859e-22, 4.65901e-38, 0.296799], [0.672115, 1.90269e-213, 1.20905e-25, 6.20446e-64, 0.327885], [0.329113, 1.89025e-214, 4.58059e-25, 1.19464e-64, 0.670887], [0.20087, 4.58128e-257, 1.7796e-26, 4.80302e-66, 0.79913], [0.0412879, 8.01905e-256, 2.80428e-26, 8.34404e-66, 0.958712], [0.886543, 4.0154e-277, 1.41165e-24, 5.49021e-80, 0.113457]], [[0.2, 0.2, 0.2, 0.2, 0.2], [0.324263, 5.68675e-21, 0.270077, 0.275992, 0.129668], [0.701939, 2.37754e-61, 0.000930577, 6.48756e-05, 0.297066], [0.619497, 5.93907e-83, 2.14337e-11, 1.12545e-14, 0.380503], [0.539126, 8.37548e-109, 2.40881e-13, 8.26675e-17, 0.460874], [0.880591, 1.57812e-111, 6.77116e-13, 1.27966e-15, 0.119409], [0.909507, 1.30519e-171, 4.29854e-18, 8.31697e-15, 0.0904933], [0.986952, 1.4098e-221, 2.6983e-21, 7.47726e-25, 0.0130476], [0.950608, 1.20901e-220, 1.63925e-20, 4.64015e-24, 0.0493918], [0.999387, 1.04059e-279, 5.98643e-76, 8.7408e-78, 0.000612856], [0.999344, 2.5e-323, 1.90219e-120, 4.0451e-122, 0.000655765]], [[0.2, 0.2, 0.2, 0.2, 0.2], [0.324111, 1.90962e-18, 0.285449, 0.261298, 0.129141], [0.721018, 5.48871e-25, 0.000104782, 1.80459e-06, 0.278876], [0.794092, 1.61424e-60, 8.22374e-19, 7.27087e-21, 0.205908], [0.473105, 1.70848e-59, 6.46008e-19, 9.1883e-21, 0.526895], [0.572256, 2.08665e-134, 8.4114e-32, 9.8313e-61, 0.427744], [0.546267, 9.2667e-151, 1.05662e-49, 6.88379e-77, 0.453733], [0.980534, 5.5464e-149, 6.56711e-49, 3.93287e-76, 0.0194665], [0.985388, 1.7182e-170, 9.30462e-50, 1.03907e-76, 0.0146121], [0.985814, 2.78407e-189, 1.41029e-67, 3.75763e-96, 0.0141859], [0.987805, 4.61242e-248, 1.2235e-72, 2.65456e-113, 0.0121947]], [[0.2, 0.2, 0.2, 0.2, 0.2], [0.414977, 3.45639e-63, 0.185894, 0.266491, 0.132638], [0.0917781, 3.26906e-62, 0.340263, 0.492996, 0.0749631], [0.624705, 3.49503e-103, 0.0020513, 1.65474e-05, 0.373227], [0.593039, 2.32252e-165, 4.94847e-34, 6.37594e-46, 0.406961], [0.579934, 1.52289e-250, 5.46982e-117, 3.21369e-129, 0.420066], [0.38343, 1.38238e-259, 5.16677e-127, 7.27001e-138, 0.61657], [0.535316, 5.61884e-314, 1.42149e-162, 2.06114e-184, 0.464684], [0.518805, 5e-324, 1.63973e-170, 3.13257e-195, 0.481195], [0.718794, 0.0, 3.89535e-177, 3.15884e-203, 0.281206], [0.72929, 0.0, 8.10381e-182, 1.16762e-244, 0.27071]], [[0.2, 0.2, 0.2, 0.2, 0.2], [0.358474, 3.07512e-58, 0.232118, 0.231561, 0.177847], [0.174105, 4.03832e-57, 0.335337, 0.314569, 0.175988], [0.642445, 3.83127e-99, 7.67909e-20, 1.71236e-24, 0.357555], [0.559686, 6.83113e-124, 1.11319e-45, 1.23528e-46, 0.440314], [0.486886, 2.6475e-175, 5.6402e-71, 3.88284e-76, 0.513114], [0.711573, 3.11038e-230, 1.59946e-75, 1.76189e-78, 0.288427], [0.652078, 4.50737e-233, 2.34736e-79, 2.9306e-82, 0.347922], [0.81351, 4.21327e-237, 3.33913e-84, 5.0328e-87, 0.18649], [0.999973, 5.25771e-266, 1.99099e-108, 4.15479e-115, 2.68816e-05], [0.999973, 1.15827e-265, 6.31012e-109, 5.07963e-115, 2.65783e-05]], [[0.2, 0.2, 0.2, 0.2, 0.2], [0.392518, 1.25358e-48, 0.230407, 0.250993, 0.126081], [0.245881, 6.16954e-48, 0.286969, 0.290052, 0.177098], [0.636356, 2.47372e-90, 0.19875, 6.224e-10, 0.164893], [0.332212, 1.09391e-89, 0.560958, 1.13688e-09, 0.10683], [0.994657, 2.62642e-127, 2.11323e-06, 2.19988e-09, 0.00534105], [0.997544, 6.62327e-136, 5.44837e-11, 5.8304e-15, 0.00245649], [0.994784, 1.91837e-203, 3.63817e-28, 1.30055e-60, 0.00521611], [0.993789, 2.17313e-211, 3.80477e-37, 9.09988e-70, 0.00621106], [0.996685, 8.91429e-241, 5.44874e-41, 1.46647e-70, 0.00331486], [0.999778, 1.78365e-245, 1.26795e-46, 5.46954e-76, 0.00022196]], [[0.2, 0.2, 0.2, 0.2, 0.2], [0.389502, 2.39698e-36, 0.230191, 0.222881, 0.157425], [0.760384, 2.804e-115, 2.88152e-13, 1.99085e-20, 0.239616], [0.764138, 2.29899e-119, 7.2831e-15, 7.08222e-21, 0.235862], [0.775269, 1.049e-141, 4.68184e-18, 3.1778e-39, 0.224731], [0.676907, 3.39797e-140, 1.68866e-17, 8.79289e-39, 0.323093], [0.641111, 3.60288e-180, 1.9283e-54, 2.69129e-79, 0.358889], [0.712031, 6.85089e-249, 1.27161e-97, 7.94861e-138, 0.287969], [0.662916, 2.67762e-291, 4.9357e-141, 4.08575e-173, 0.337084], [0.655925, 0.0, 7.62635e-239, 4.05119e-214, 0.344075], [0.667049, 0.0, 2.03694e-272, 3.5637e-213, 0.332951]], [[0.2, 0.2, 0.2, 0.2, 0.2], [0.40694, 5.9947e-56, 0.226356, 0.213265, 0.153438], [0.752343, 1.69772e-98, 3.8628e-09, 2.22249e-10, 0.247657], [0.655854, 5.6269e-122, 2.63838e-14, 4.43657e-15, 0.344146], [0.605623, 1.67961e-131, 1.1041e-23, 1.83227e-24, 0.394377], [0.966138, 3.77576e-136, 6.47819e-24, 5.66543e-27, 0.0338618], [0.999397, 1.20797e-164, 3.59063e-51, 4.72248e-50, 0.000602676], [0.999367, 1.35493e-197, 1.28507e-51, 4.98495e-50, 0.000633338], [0.999493, 3.0946e-264, 5.78313e-92, 1.44903e-94, 0.000506901], [0.99948, 1.42956e-270, 1.14343e-92, 2.16095e-94, 0.000520179], [0.999523, 3.59376e-314, 2.2155e-113, 7.44793e-118, 0.000476555]]], [[[0.2, 0.2, 0.2, 0.2, 0.2], [0.00348542, 0.590469, 0.044489, 0.0452244, 0.316332], [2.54699e-05, 0.723324, 0.00492446, 0.00536727, 0.266359], [3.32615e-07, 0.871745, 0.000745813, 0.000865341, 0.126644], [1.88326e-09, 0.953334, 5.9347e-05, 7.76091e-05, 0.0465294], [1.21521e-11, 0.971615, 3.68975e-06, 5.19398e-06, 0.0283758], [7.12317e-14, 0.978791, 2.54188e-07, 3.20645e-07, 0.0212088], [5.25094e-16, 0.985056, 2.33765e-08, 2.84183e-08, 0.0149435], [1.23205e-17, 0.987335, 3.65189e-09, 4.65616e-09, 0.0126655], [7.94382e-20, 0.992966, 2.8295e-10, 4.2038e-10, 0.0070342], [2.09958e-21, 0.994358, 4.68847e-11, 7.42787e-11, 0.00564202]], [[0.2, 0.2, 0.2, 0.2, 0.2], [0.00373929, 0.585225, 0.0448956, 0.0486943, 0.317446], [2.31739e-05, 0.736254, 0.00402442, 0.00518136, 0.254517], [3.42713e-07, 0.901717, 0.000520273, 0.000729871, 0.0970324], [2.20232e-09, 0.939808, 3.86549e-05, 5.64728e-05, 0.0600971], [1.71698e-10, 0.951929, 1.3841e-05, 2.07236e-05, 0.0480364], [1.06513e-12, 0.962363, 9.77803e-07, 1.82593e-06, 0.0376342], [5.3896e-15, 0.989794, 9.84582e-08, 1.8445e-07, 0.0102056], [4.34052e-17, 0.996648, 1.62789e-08, 2.66356e-08, 0.00335152], [3.66426e-19, 0.997468, 1.52723e-09, 3.28314e-09, 0.00253163], [1.95671e-21, 0.999296, 8.12292e-11, 2.10811e-10, 0.000704472]], [[0.2, 0.2, 0.2, 0.2, 0.2], [0.0125377, 0.524841, 0.0821584, 0.0828319, 0.297631], [8.58994e-05, 0.730038, 0.00735868, 0.00834183, 0.254175], [1.56526e-06, 0.815865, 0.000996877, 0.00125611, 0.181881], [1.64192e-08, 0.941035, 0.000147351, 0.000172217, 0.0586455], [1.12091e-10, 0.962498, 1.38814e-05, 1.8545e-05, 0.0374693], [1.02177e-12, 0.98693, 1.31055e-06, 1.85098e-06, 0.0130668], [4.50374e-15, 0.992132, 7.09362e-08, 1.18772e-07, 0.00786793], [2.66704e-17, 0.996076, 6.92135e-09, 1.1275e-08, 0.00392437], [4.77484e-19, 0.997289, 1.1073e-09, 1.90808e-09, 0.00271055], [2.6136e-21, 0.999163, 9.93494e-11, 1.7386e-10, 0.000836733]], [[0.2, 0.2, 0.2, 0.2, 0.2], [0.00418807, 0.576586, 0.0494677, 0.0547484, 0.31501], [4.42689e-05, 0.754983, 0.00601527, 0.00717398, 0.231784], [3.81225e-07, 0.825106, 0.000633865, 0.000760935, 0.173499], [1.44381e-08, 0.847902, 0.000186557, 0.000253001, 0.151658], [7.00605e-11, 0.897372, 1.15244e-05, 1.70349e-05, 0.102599], [1.0269e-12, 0.96318, 1.1425e-06, 1.75463e-06, 0.0368175], [4.63417e-14, 0.973584, 3.69192e-07, 5.13789e-07, 0.0264153], [3.54372e-16, 0.97665, 2.03043e-08, 3.81628e-08, 0.02335], [1.89955e-18, 0.995273, 1.46342e-09, 3.04753e-09, 0.00472654], [1.82022e-20, 0.998569, 1.4635e-10, 3.14663e-10, 0.00143095]], [[0.2, 0.2, 0.2, 0.2, 0.2], [0.00528083, 0.56907, 0.0558063, 0.0608747, 0.308968], [0.000140704, 0.758893, 0.0140812, 0.015078, 0.211807], [1.00097e-06, 0.874284, 0.00199187, 0.00224299, 0.12148], [9.01349e-09, 0.908732, 0.000144839, 0.000190192, 0.090933], [7.37518e-11, 0.96558, 2.52429e-05, 3.27744e-05, 0.0343624], [4.60221e-12, 0.981859, 8.63835e-06, 1.22776e-05, 0.01812], [2.12295e-14, 0.986977, 5.16636e-07, 9.14483e-07, 0.0130213], [3.05978e-16, 0.992326, 1.07834e-07, 2.1643e-07, 0.00767375], [4.33612e-18, 0.993635, 1.53769e-08, 3.68475e-08, 0.00636474], [2.5583e-20, 0.996706, 1.42663e-09, 3.69537e-09, 0.00329429]], [[0.2, 0.2, 0.2, 0.2, 0.2], [0.00524738, 0.572637, 0.0544845, 0.0567692, 0.310862], [4.44963e-05, 0.733794, 0.00548555, 0.00601, 0.254666], [3.46318e-07, 0.824279, 0.000537712, 0.000656605, 0.174526], [2.77916e-09, 0.934165, 5.19446e-05, 7.02885e-05, 0.0657133], [1.70067e-11, 0.981215, 3.70823e-06, 5.52514e-06, 0.0187758], [1.59448e-13, 0.992367, 3.86407e-07, 5.81476e-07, 0.00763174], [7.87038e-16, 0.995694, 2.4075e-08, 4.27959e-08, 0.00430597], [1.06729e-17, 0.997072, 2.7253e-09, 5.22736e-09, 0.00292832], [6.50093e-20, 0.999167, 2.07567e-10, 4.22468e-10, 0.000833155], [1.07486e-21, 0.99939, 2.96336e-11, 5.58609e-11, 0.000609575]], [[0.2, 0.2, 0.2, 0.2, 0.2], [0.00373969, 0.577048, 0.0504301, 0.0547506, 0.314031], [2.9145e-05, 0.797397, 0.00620905, 0.00652651, 0.189839], [4.75851e-07, 0.850652, 0.000851552, 0.00107951, 0.147416], [4.13168e-09, 0.881915, 9.68965e-05, 0.000134374, 0.117854], [4.84145e-11, 0.967485, 8.99656e-06, 1.50369e-05, 0.0324914], [6.80372e-13, 0.987157, 1.28369e-06, 2.32314e-06, 0.0128396], [8.73603e-15, 0.992087, 1.44757e-07, 2.73049e-07, 0.00791302], [4.75824e-17, 0.99718, 9.09277e-09, 2.163e-08, 0.00282023], [8.46506e-19, 0.99793, 1.09535e-09, 2.41753e-09, 0.00207019], [1.22853e-20, 0.999357, 2.17354e-10, 4.37374e-10, 0.000642567]], [[0.2, 0.2, 0.2, 0.2, 0.2], [0.0063867, 0.540445, 0.0723639, 0.0735309, 0.307273], [0.00053335, 0.693166, 0.0282567, 0.0331691, 0.244875], [5.10883e-06, 0.877972, 0.00247445, 0.00311113, 0.116438], [2.54095e-07, 0.922348, 0.0010131, 0.00149083, 0.0751479], [2.40035e-09, 0.96142, 0.000157716, 0.000254981, 0.0381677], [1.90799e-11, 0.97713, 1.44868e-05, 2.42441e-05, 0.0228313], [6.46391e-13, 0.985371, 2.95148e-06, 5.58153e-06, 0.0146208], [4.54423e-15, 0.991196, 1.9637e-07, 5.23668e-07, 0.0088029], [4.61769e-17, 0.997714, 1.5256e-08, 4.20871e-08, 0.00228555], [6.5352e-19, 0.999031, 1.82811e-09, 5.84385e-09, 0.000969476]], [[0.2, 0.2, 0.2, 0.2, 0.2], [0.00473927, 0.567763, 0.0562164, 0.0567396, 0.314542], [3.73579e-05, 0.796518, 0.00655986, 0.00729698, 0.189588], [6.49389e-07, 0.874257, 0.000751826, 0.000968443, 0.124022], [3.76151e-09, 0.905561, 5.23379e-05, 7.53475e-05, 0.0943116], [2.61163e-11, 0.966767, 4.80573e-06, 7.19342e-06, 0.0332208], [7.76026e-13, 0.988487, 6.56292e-07, 1.31484e-06, 0.0115112], [4.70506e-15, 0.995087, 6.12231e-08, 1.40672e-07, 0.00491276], [1.78273e-16, 0.997073, 8.66661e-09, 2.06651e-08, 0.00292711], [1.27e-18, 0.998791, 7.24357e-10, 1.95795e-09, 0.0012089], [6.83395e-21, 0.999399, 5.89241e-11, 1.58615e-10, 0.000600591]], [[0.2, 0.2, 0.2, 0.2, 0.2], [0.00649582, 0.560424, 0.0592561, 0.0607425, 0.313082], [7.44234e-05, 0.755632, 0.00623943, 0.00755292, 0.230501], [7.07573e-07, 0.82088, 0.000684577, 0.00091544, 0.17752], [5.02798e-09, 0.84904, 5.87513e-05, 8.29673e-05, 0.150819], [2.79557e-10, 0.942178, 2.7223e-05, 3.60886e-05, 0.0577592], [5.14782e-12, 0.972579, 3.87433e-06, 5.64592e-06, 0.0274118], [5.73564e-14, 0.993111, 4.53157e-07, 8.93464e-07, 0.00688765], [1.15021e-15, 0.997392, 1.30089e-07, 2.49358e-07, 0.00260728], [2.88843e-17, 0.99822, 6.04123e-08, 1.01229e-07, 0.00178001], [6.01054e-19, 0.998789, 6.70435e-09, 1.12224e-08, 0.00121097]], [[0.2, 0.2, 0.2, 0.2, 0.2], [0.00483815, 0.560806, 0.0582474, 0.0642158, 0.311893], [0.000107616, 0.714207, 0.0103518, 0.0110103, 0.264323], [3.37324e-06, 0.85678, 0.00241452, 0.0026842, 0.138118], [2.05684e-08, 0.907024, 0.000200863, 0.00022544, 0.0925501], [1.41291e-10, 0.96422, 1.40728e-05, 1.89691e-05, 0.0357472], [1.2395e-11, 0.967434, 9.00017e-06, 1.18488e-05, 0.0325447], [2.19979e-13, 0.977421, 7.94653e-07, 1.15045e-06, 0.0225773], [1.43357e-15, 0.993928, 6.71982e-08, 1.10583e-07, 0.00607139], [1.26582e-17, 0.998079, 1.19549e-08, 1.93486e-08, 0.00192064], [8.4574e-19, 0.998638, 3.53778e-09, 5.71884e-09, 0.00136201]], [[0.2, 0.2, 0.2, 0.2, 0.2], [0.00899712, 0.541436, 0.0675261, 0.0782209, 0.30382], [6.00114e-05, 0.764551, 0.00644638, 0.00863758, 0.220305], [4.37132e-07, 0.897193, 0.000729784, 0.000969992, 0.101107], [1.55687e-08, 0.92937, 0.00015668, 0.000202117, 0.0702714], [9.67883e-11, 0.974766, 1.44408e-05, 1.80527e-05, 0.0252013], [6.6944e-13, 0.983072, 1.12089e-06, 1.80262e-06, 0.0169255], [2.09401e-14, 0.988545, 3.08904e-07, 4.84739e-07, 0.0114543], [1.12628e-16, 0.994226, 3.22886e-08, 4.7023e-08, 0.00577436], [7.00571e-19, 0.997393, 3.15542e-09, 4.55645e-09, 0.00260668], [5.75125e-21, 0.999157, 3.38915e-10, 5.03662e-10, 0.000842672]], [[0.2, 0.2, 0.2, 0.2, 0.2], [0.00300698, 0.588902, 0.0445735, 0.0457175, 0.3178], [5.01459e-05, 0.762455, 0.00699142, 0.00819202, 0.222311], [4.28772e-07, 0.859996, 0.000695179, 0.000887264, 0.138421], [1.02396e-08, 0.924921, 0.000130055, 0.000161686, 0.0747871], [1.98107e-10, 0.972873, 2.19074e-05, 3.11083e-05, 0.0270744], [3.20999e-11, 0.978338, 4.05551e-05, 6.23259e-05, 0.0215591], [1.81073e-12, 0.986677, 4.13024e-06, 6.87463e-06, 0.0133119], [1.01792e-14, 0.993493, 4.58568e-07, 7.44208e-07, 0.0065062], [1.4365e-16, 0.995218, 4.81593e-08, 8.67005e-08, 0.00478178], [1.22939e-18, 0.998359, 4.51161e-09, 8.13546e-09, 0.00164081]], [[0.2, 0.2, 0.2, 0.2, 0.2], [0.00457184, 0.578544, 0.0494121, 0.0550918, 0.31238], [4.74895e-05, 0.714437, 0.00631783, 0.00707271, 0.272125], [6.8338e-07, 0.826004, 0.00079