{"fbProbsSave": [[[[0.2, 0.2, 0.2, 0.2, 0.2], [0.394064, 1.03221e-45, 0.227269, 0.220338, 0.158328], [0.786145, 6.97698e-118, 1.93417e-11, 2.16641e-16, 0.213855], [0.79364, 3.63364e-136, 1.19032e-18, 1.44117e-19, 0.20636], [0.807598, 2.11227e-175, 6.07243e-48, 3.88742e-57, 0.192402], [0.795394, 2.53734e-182, 2.37954e-47, 3.17994e-58, 0.204606], [0.763387, 3.86467e-189, 7.01538e-53, 3.53683e-59, 0.236613], [0.999152, 9.73605e-248, 3.08657e-59, 7.44264e-71, 0.000848136], [0.999661, 9.14287e-315, 3.42243e-121, 5.96456e-99, 0.000338844], [0.999685, 0.0, 7.18392e-152, 2.48571e-98, 0.000314821], [1.0, 0.0, 3.37765e-153, 5.79462e-144, 5.92653e-17]], [[0.2, 0.2, 0.2, 0.2, 0.2], [0.332889, 5.73804e-23, 0.243143, 0.2736, 0.150369], [0.706024, 2.70629e-77, 7.70019e-19, 5.6603e-24, 0.293976], [0.690074, 7.48795e-94, 3.70253e-34, 8.47782e-38, 0.309926], [0.371971, 2.47801e-92, 1.06168e-33, 2.60237e-37, 0.628029], [0.890536, 1.83127e-111, 1.44587e-49, 2.81222e-51, 0.109464], [0.739719, 2.49757e-123, 2.38033e-57, 2.1962e-59, 0.260281], [1.0, 1.29778e-253, 4.825e-163, 1.82726e-155, 2.02162e-20], [1.0, 3.65275e-283, 4.46561e-191, 1.37259e-182, 8.93116e-25], [1.0, 1.76343e-295, 7.07942e-204, 2.05954e-195, 2.81721e-24], [1.0, 7.10492e-294, 2.83515e-203, 8.27757e-195, 2.40156e-23]], [[0.2, 0.2, 0.2, 0.2, 0.2], [0.348896, 1.77593e-26, 0.2906, 0.240821, 0.119683], [0.773103, 6.07392e-60, 2.63839e-11, 9.90747e-14, 0.226897], [0.653253, 7.24787e-79, 1.14023e-10, 6.78903e-13, 0.346747], [0.626131, 4.55856e-114, 1.39312e-44, 4.11616e-48, 0.373869], [0.946474, 3.91724e-124, 3.31219e-55, 3.64788e-58, 0.0535264], [0.993356, 2.74313e-134, 2.53291e-59, 1.40431e-62, 0.00664369], [0.994008, 4.72828e-138, 5.53794e-61, 6.79265e-63, 0.00599229], [0.999446, 3.34348e-200, 3.2952e-63, 4.6956e-65, 0.000554451], [0.997912, 1.37438e-207, 7.63373e-66, 5.25996e-66, 0.0020877], [0.999958, 4.48604e-230, 5.67485e-81, 3.15393e-80, 4.15812e-05]], [[0.2, 0.2, 0.2, 0.2, 0.2], [0.327509, 8.68931e-17, 0.251261, 0.250249, 0.170981], [0.653431, 3.13956e-31, 2.58022e-11, 2.15888e-11, 0.346569], [0.506166, 3.39471e-39, 3.51416e-15, 4.13902e-17, 0.493834], [0.666433, 1.70866e-90, 4.02409e-20, 1.8089e-18, 0.333567], [0.855761, 5.88632e-127, 1.32104e-25, 3.38585e-25, 0.144239], [0.469137, 1.25553e-150, 4.66272e-26, 1.3614e-25, 0.530863], [1.0, 1.53034e-209, 3.50619e-85, 1.51277e-82, 1.03386e-22], [1.0, 7.78843e-314, 2.92143e-153, 2.57142e-161, 2.00469e-31], [1.0, 0.0, 2.12624e-167, 2.2186e-176, 1.62646e-31], [1.0, 0.0, 2.26164e-170, 4.42621e-179, 2.34123e-31]], [[0.2, 0.2, 0.2, 0.2, 0.2], [0.430159, 3.7367e-50, 0.199284, 0.214876, 0.155682], [0.712382, 1.88607e-83, 2.69321e-14, 3.46638e-17, 0.287618], [0.739513, 3.93132e-95, 6.98405e-21, 4.15895e-20, 0.260487], [0.844721, 9.78334e-134, 2.39632e-20, 1.62189e-24, 0.155279], [1.0, 7.50991e-195, 2.65061e-71, 4.29848e-86, 4.37078e-19], [1.0, 1.65832e-213, 3.08971e-89, 5.68445e-102, 3.84607e-25], [1.0, 1.18171e-273, 1.41513e-88, 9.43603e-103, 2.43711e-26], [1.0, 1.53686e-285, 9.7688e-101, 1.04875e-112, 2.17851e-26], [1.0, 9.18704e-298, 4.43629e-100, 8.03864e-116, 7.85572e-35], [1.0, 0.0, 1.82267e-135, 1.13052e-174, 5.60586e-35]], [[0.2, 0.2, 0.2, 0.2, 0.2], [0.416794, 5.8106e-49, 0.212141, 0.206333, 0.164732], [0.518851, 7.80939e-66, 0.0503525, 0.0315517, 0.399244], [0.815141, 1.34814e-81, 0.000618944, 2.34015e-06, 0.184238], [0.95066, 4.03079e-93, 7.2469e-15, 1.04113e-17, 0.0493403], [0.979873, 4.16758e-93, 5.59304e-14, 9.47813e-17, 0.020127], [0.997562, 6.87045e-144, 2.31487e-31, 1.5957e-41, 0.0024383], [0.997892, 1.03298e-186, 4.38154e-53, 3.54393e-83, 0.00210774], [0.999724, 3.526e-275, 1.07576e-60, 4.2051e-96, 0.000275937], [0.999805, 7.74521e-292, 8.37512e-61, 4.51868e-96, 0.00019507], [0.999975, 4.05283e-295, 5.57962e-63, 1.14979e-99, 2.52045e-05]], [[0.2, 0.2, 0.2, 0.2, 0.2], [0.414326, 3.7257e-40, 0.217099, 0.227747, 0.140828], [0.668787, 1.00115e-53, 7.91609e-12, 1.10926e-14, 0.331213], [0.802797, 1.53729e-53, 9.30367e-11, 2.01154e-14, 0.197203], [0.903249, 1.69363e-103, 1.26898e-11, 9.0604e-20, 0.0967505], [0.955977, 2.69633e-129, 1.64926e-19, 2.45543e-40, 0.0440234], [0.999256, 2.6307e-185, 7.50363e-43, 1.70205e-74, 0.000743568], [0.999256, 3.18409e-187, 2.8296e-42, 1.27554e-73, 0.000744185], [1.0, 1.04149e-228, 3.92459e-55, 7.22461e-73, 7.9966e-12], [1.0, 2.60603e-243, 8.29424e-71, 3.03026e-87, 1.11885e-11], [1.0, 3.76398e-272, 1.82202e-96, 3.60798e-116, 1.63145e-12]], [[0.2, 0.2, 0.2, 0.2, 0.2], [0.378564, 6.52992e-45, 0.227736, 0.228025, 0.165675], [0.769582, 2.835e-120, 2.82738e-18, 4.77795e-26, 0.230418], [0.721761, 1.75524e-145, 2.95895e-17, 1.76286e-25, 0.278239], [0.643881, 5.67675e-172, 2.22245e-33, 2.12104e-48, 0.356119], [0.801207, 2.91377e-243, 1.15991e-40, 1.38119e-56, 0.198793], [0.794888, 1.22634e-245, 3.60276e-40, 2.3667e-57, 0.205112], [0.971807, 3.06525e-268, 8.77703e-63, 6.47366e-68, 0.0281935], [0.959402, 3.26381e-267, 7.87136e-62, 3.76997e-67, 0.0405985], [0.999685, 3.76224e-303, 6.95129e-61, 1.84799e-93, 0.000315466], [0.999995, 0.0, 1.30529e-81, 1.23199e-106, 4.79778e-06]], [[0.2, 0.2, 0.2, 0.2, 0.2], [0.285982, 8.40361e-14, 0.29457, 0.283051, 0.136397], [0.680545, 2.62607e-47, 2.13569e-05, 1.05229e-08, 0.319433], [0.829377, 3.90204e-120, 7.04894e-25, 3.7508e-21, 0.170623], [0.828961, 9.02363e-138, 1.72473e-32, 3.65239e-27, 0.171039], [0.731491, 9.82835e-145, 1.35817e-37, 1.28051e-32, 0.268509], [0.939041, 2.32515e-145, 1.46733e-38, 5.5261e-34, 0.060959], [0.998274, 5.65048e-225, 9.68207e-41, 1.37574e-41, 0.00172611], [0.997852, 4.13913e-226, 5.02567e-40, 3.17202e-41, 0.00214849], [0.997663, 1.10837e-265, 3.90976e-78, 1.48722e-80, 0.00233743], [0.994748, 3.87091e-264, 2.23316e-77, 7.32304e-80, 0.00525161]], [[0.2, 0.2, 0.2, 0.2, 0.2], [0.216976, 1.55171e-06, 0.325691, 0.357191, 0.10014], [0.827606, 3.45007e-19, 0.0311032, 0.00107983, 0.140211], [0.999951, 1.10841e-30, 5.42806e-12, 5.88783e-13, 4.89596e-05], [1.0, 1.55894e-88, 4.51548e-51, 1.16509e-49, 6.90744e-08], [1.0, 3.5179e-118, 2.44393e-51, 5.30517e-51, 1.10014e-08], [1.0, 1.91606e-129, 1.60922e-63, 2.61192e-62, 1.0721e-08], [1.0, 4.84176e-143, 1.5796e-66, 1.33122e-65, 8.68592e-09], [1.0, 1.97133e-146, 2.56783e-67, 2.31823e-65, 4.64901e-09], [1.0, 7.24978e-222, 8.93472e-68, 1.21032e-70, 1.26909e-20], [1.0, 3.06641e-313, 2.17763e-88, 8.74512e-74, 6.76351e-21]], [[0.2, 0.2, 0.2, 0.2, 0.2], [0.426712, 1.07811e-50, 0.214718, 0.185775, 0.172796], [0.693893, 1.10233e-64, 3.15178e-08, 1.39004e-11, 0.306107], [0.623516, 6.36376e-93, 7.94359e-12, 1.736e-13, 0.376484], [0.572291, 8.58335e-134, 1.01293e-15, 1.33971e-18, 0.427709], [0.369941, 3.70239e-162, 2.93939e-19, 2.10841e-21, 0.630059], [0.250469, 2.51098e-179, 2.9005e-25, 1.44958e-38, 0.749531], [0.323883, 3.7837e-211, 1.48812e-43, 5.61402e-52, 0.676117], [0.263269, 5.36727e-246, 1.00495e-42, 3.40293e-51, 0.736731], [0.326801, 6.03886e-246, 4.13217e-43, 3.88051e-52, 0.673199], [0.926921, 8.80733e-316, 1.7899e-106, 3.32118e-78, 0.0730792]], [[0.2, 0.2, 0.2, 0.2, 0.2], [0.338606, 3.80655e-27, 0.231097, 0.240323, 0.189974], [0.626355, 2.72258e-84, 6.06709e-51, 8.37481e-53, 0.373645], [0.630759, 5.20246e-136, 3.8521e-50, 8.01959e-52, 0.369241], [0.631741, 5.74595e-140, 4.48247e-50, 3.866e-52, 0.368259], [0.686666, 1.40827e-147, 1.44155e-58, 2.72788e-60, 0.313334], [0.733533, 5.47642e-194, 2.07218e-100, 2.40817e-99, 0.266467], [0.782476, 1.85382e-237, 9.88367e-109, 1.1089e-105, 0.217524], [0.608372, 3.90267e-270, 9.00205e-135, 1.5282e-127, 0.391628], [0.590496, 9.93232e-312, 3.26059e-154, 4.41859e-163, 0.409504], [0.532393, 0.0, 1.18281e-227, 3.63558e-233, 0.467607]], [[0.2, 0.2, 0.2, 0.2, 0.2], [0.361218, 5.08504e-48, 0.240129, 0.218781, 0.179872], [0.644663, 6.79175e-57, 0.000939048, 7.00595e-05, 0.354327], [0.82353, 1.02553e-90, 1.34059e-05, 8.39349e-06, 0.176448], [0.854027, 2.09344e-130, 8.50777e-35, 6.4147e-41, 0.145973], [0.866749, 2.66007e-157, 1.42136e-57, 6.30651e-63, 0.133251], [0.858023, 7.5433e-216, 6.25877e-60, 4.06145e-66, 0.141977], [0.787272, 8.66238e-252, 1.96337e-94, 8.4094e-97, 0.212728], [0.700781, 4.60045e-275, 1.48905e-102, 7.06628e-103, 0.299219], [0.673486, 9.5884e-297, 7.79208e-111, 1.79854e-113, 0.326514], [0.291613, 2.67395e-300, 7.55665e-112, 9.85177e-114, 0.708387]], [[0.2, 0.2, 0.2, 0.2, 0.2], [0.345006, 2.09361e-27, 0.23676, 0.274071, 0.144163], [0.643167, 2.98344e-51, 3.29604e-08, 1.37853e-08, 0.356833], [0.754543, 4.46203e-54, 5.32616e-12, 2.09955e-12, 0.245457], [0.940628, 4.20169e-78, 4.66705e-13, 5.4938e-17, 0.0593722], [1.0, 1.9657e-131, 2.01106e-62, 2.21859e-67, 1.7059e-20], [1.0, 2.01476e-177, 9.73808e-78, 2.59311e-81, 1.35405e-30], [1.0, 2.44063e-191, 2.00401e-89, 4.5275e-96, 2.16098e-30], [1.0, 1.83101e-229, 1.84447e-116, 9.1219e-100, 1.82931e-42], [1.0, 3.37818e-229, 6.36689e-117, 1.65311e-100, 9.34018e-42], [1.0, 3.57125e-251, 1.25476e-135, 5.73178e-113, 3.88232e-55]], [[0.2, 0.2, 0.2, 0.2, 0.2], [0.411346, 6.71046e-49, 0.185405, 0.221775, 0.181474], [0.667202, 1.66797e-80, 8.57765e-14, 2.74483e-17, 0.332798], [0.485279, 2.86844e-79, 1.30128e-13, 5.78553e-17, 0.514721], [0.487415, 1.8521e-99, 2.78954e-17, 2.91471e-19, 0.512585], [0.305557, 7.42853e-128, 4.83208e-26, 9.13682e-31, 0.694443], [0.557946, 7.81898e-190, 3.90975e-26, 1.02597e-29, 0.442054], [0.375381, 1.01485e-188, 4.58532e-26, 3.66607e-29, 0.624619], [0.408202, 7.55645e-218, 6.60463e-46, 2.81373e-59, 0.591798], [0.271501, 6.95838e-222, 7.34488e-51, 1.61479e-63, 0.728499], [0.856355, 3.49958e-239, 3.74868e-67, 8.96462e-82, 0.143645]], [[0.2, 0.2, 0.2, 0.2, 0.2], [0.328219, 1.70672e-14, 0.280863, 0.272334, 0.118584], [0.771702, 4.8065e-39, 5.8883e-13, 1.24918e-13, 0.228298], [0.863798, 1.49086e-107, 4.84942e-14, 7.85564e-17, 0.136202], [0.934489, 2.90264e-146, 5.03899e-23, 1.24575e-30, 0.0655114], [0.963349, 7.92238e-148, 3.04727e-22, 3.28739e-30, 0.0366514], [0.999189, 6.20329e-164, 2.10833e-39, 2.47382e-47, 0.00081102], [0.998216, 2.95028e-165, 9.3146e-39, 1.07054e-46, 0.00178402], [0.9993, 4.44519e-217, 1.53449e-56, 4.11376e-76, 0.000699556], [0.998486, 2.02661e-256, 3.1249e-61, 9.13435e-77, 0.0015137], [0.998856, 2.22854e-262, 4.59112e-61, 5.50769e-78, 0.00114441]], [[0.2, 0.2, 0.2, 0.2, 0.2], [0.39546, 1.06427e-52, 0.215364, 0.249122, 0.140054], [0.70696, 1.92467e-104, 9.55714e-27, 2.99904e-32, 0.29304], [0.710721, 1.31921e-116, 2.3246e-27, 3.66628e-35, 0.289279], [0.862795, 1.07337e-118, 3.30353e-28, 3.21553e-34, 0.137205], [0.93676, 1.11977e-211, 4.76975e-109, 1.61903e-94, 0.06324], [0.939099, 2.9219e-221, 9.25288e-115, 1.61441e-97, 0.0609006], [1.0, 1.52399e-236, 5.28551e-128, 3.57196e-113, 5.52795e-10], [1.0, 6.24048e-274, 1.11566e-159, 1.84075e-139, 2.77944e-11], [1.0, 1.77447e-284, 1.41786e-159, 1.33838e-138, 3.52608e-11], [1.0, 4.3464e-290, 7.88721e-161, 2.24259e-138, 1.24482e-12]], [[0.2, 0.2, 0.2, 0.2, 0.2], [0.314378, 1.04377e-20, 0.259051, 0.294045, 0.132525], [0.697518, 1.2365e-49, 2.49904e-17, 4.36737e-17, 0.302482], [0.505365, 4.35147e-51, 1.71636e-18, 4.35139e-19, 0.494635], [0.632979, 1.30412e-99, 2.01168e-61, 4.17956e-61, 0.367021], [0.543232, 5.77056e-110, 8.53989e-61, 1.93126e-60, 0.456768], [0.474112, 7.13101e-112, 5.35865e-63, 2.57016e-62, 0.525888], [0.693576, 3.30265e-163, 2.74374e-115, 1.31526e-114, 0.306424], [0.711757, 7.07957e-170, 5.7766e-123, 3.12896e-122, 0.288243], [1.0, 8.04715e-193, 4.35719e-123, 3.31432e-126, 5.01876e-11], [1.0, 1.62902e-231, 4.80592e-143, 3.50135e-160, 4.18722e-30]], [[0.2, 0.2, 0.2, 0.2, 0.2], [0.302698, 1.80038e-20, 0.259775, 0.265478, 0.172049], [0.629214, 2.05256e-86, 1.11473e-24, 3.79101e-40, 0.370786], [0.574248, 5.65133e-128, 3.24443e-24, 7.65697e-40, 0.425752], [0.441647, 8.75154e-139, 3.47343e-29, 2.13967e-51, 0.558353], [0.719789, 4.67332e-144, 2.34567e-31, 2.87849e-50, 0.280211], [0.999859, 1.42441e-180, 1.27402e-64, 7.82791e-88, 0.000141018], [1.0, 1.71466e-233, 2.55643e-84, 1.06835e-113, 4.31832e-22], [1.0, 2.29765e-267, 6.12276e-115, 1.40313e-148, 1.95596e-23], [1.0, 2.88833e-317, 2.40551e-133, 4.82935e-172, 1.89892e-39], [1.0, 0.0, 6.04104e-152, 6.7726e-192, 3.1403e-39]], [[0.2, 0.2, 0.2, 0.2, 0.2], [0.400677, 2.51225e-38, 0.227841, 0.228863, 0.142619], [0.760121, 7.20285e-91, 3.01253e-08, 2.06454e-09, 0.239879], [0.698575, 1.03642e-120, 9.46015e-11, 1.84385e-14, 0.301425], [0.758337, 1.7011e-192, 1.71947e-57, 3.40518e-73, 0.241663], [0.758334, 6.86326e-226, 4.73589e-89, 1.49696e-107, 0.241666], [0.984862, 1.29125e-227, 3.89068e-91, 3.23995e-110, 0.0151382], [0.997881, 2.69326e-263, 1.77074e-101, 2.84086e-111, 0.00211867], [0.995911, 6.26768e-277, 1.30324e-115, 5.14731e-119, 0.00408854], [1.0, 9.23583e-287, 2.28738e-117, 9.25256e-124, 7.88759e-10], [1.0, 0.0, 1.72284e-169, 3.6615e-185, 1.59454e-20]], [[0.2, 0.2, 0.2, 0.2, 0.2], [0.392907, 2.58406e-49, 0.245907, 0.181951, 0.179236], [0.680844, 1.55571e-77, 3.09087e-11, 5.22786e-14, 0.319156], [0.872931, 5.40137e-80, 3.71491e-10, 1.58359e-13, 0.127069], [0.999826, 1.76159e-143, 1.36691e-21, 5.51451e-17, 0.000174154], [0.999612, 1.29637e-174, 5.93278e-21, 8.56204e-18, 0.00038806], [1.0, 1.26684e-237, 1.15058e-72, 1.35381e-72, 3.2114e-23], [1.0, 4.85767e-252, 8.37259e-73, 3.68776e-73, 2.13978e-23], [1.0, 8.56696e-307, 5.56037e-92, 3.06618e-88, 8.53144e-46], [1.0, 2.4929e-308, 6.6855e-94, 5.08413e-90, 1.76959e-45], [1.0, 5.4e-323, 1.89882e-102, 2.24489e-98, 1.84394e-53]], [[0.2, 0.2, 0.2, 0.2, 0.2], [0.362582, 1.30592e-40, 0.236637, 0.226914, 0.173866], [0.694184, 1.33809e-95, 1.00154e-11, 8.28241e-18, 0.305816], [0.668904, 1.35437e-118, 1.28747e-15, 8.77098e-22, 0.331096], [0.855123, 2.31468e-121, 1.24675e-16, 5.9277e-21, 0.144877], [0.999715, 1.0821e-131, 6.7157e-26, 4.66167e-32, 0.000285172], [0.999998, 7.83476e-135, 2.30234e-28, 2.92736e-32, 2.12448e-06], [1.0, 2.79818e-192, 3.35175e-69, 4.65335e-84, 1.04614e-09], [1.0, 3.27271e-252, 8.22742e-130, 1.71e-137, 1.06555e-09], [1.0, 5.07974e-271, 4.81402e-146, 4.56395e-141, 5.38335e-09], [1.0, 1.59126e-301, 1.72743e-149, 3.12983e-147, 3.31841e-16]], [[0.2, 0.2, 0.2, 0.2, 0.2], [0.385159, 1.41334e-35, 0.239478, 0.224121, 0.151242], [0.598111, 1.46814e-42, 0.0580998, 0.0179309, 0.325858], [0.706487, 7.43704e-109, 1.20167e-47, 1.28434e-49, 0.293513], [0.608802, 1.00201e-145, 4.10267e-74, 1.44948e-85, 0.391198], [0.627498, 2.92211e-198, 2.73311e-73, 1.17168e-94, 0.372502], [0.667118, 1.14269e-205, 1.8135e-74, 2.89892e-94, 0.332882], [0.999154, 7.10958e-307, 4.77836e-158, 4.94507e-144, 0.000846008], [1.0, 0.0, 1.65868e-282, 4.88858e-267, 6.60397e-56], [1.0, 0.0, 0.0, 7.27356e-302, 1.73234e-60], [1.0, 0.0, 0.0, 2.32841e-304, 4.938e-61]], [[0.2, 0.2, 0.2, 0.2, 0.2], [0.302055, 9.15303e-25, 0.278386, 0.263429, 0.15613], [0.7204, 3.12697e-103, 3.68471e-24, 1.23375e-40, 0.2796], [0.722257, 4.2382e-108, 6.83047e-31, 7.06033e-43, 0.277743], [0.739783, 1.54177e-122, 7.38434e-35, 6.09487e-53, 0.260217], [0.916939, 2.86002e-133, 5.55487e-46, 2.82194e-62, 0.0830614], [0.999854, 1.10278e-160, 1.88865e-69, 9.78428e-66, 0.000145744], [0.999955, 1.50709e-163, 4.97962e-70, 2.21522e-69, 4.45062e-05], [1.0, 5.85562e-178, 1.79818e-82, 1.20287e-74, 2.63818e-12], [1.0, 2.94557e-225, 1.39398e-82, 3.03713e-77, 2.18093e-12], [1.0, 1.10519e-250, 1.47687e-93, 1.96251e-97, 6.33795e-12]], [[0.2, 0.2, 0.2, 0.2, 0.2], [0.405553, 3.8695e-60, 0.213565, 0.228491, 0.152391], [0.806496, 3.33686e-136, 6.65726e-25, 5.64647e-29, 0.193504], [0.717892, 2.65246e-143, 4.07705e-34, 1.69829e-36, 0.282108], [0.62496, 1.72948e-143, 1.1242e-34, 1.13207e-37, 0.37504], [0.952607, 2.82281e-172, 2.7151e-57, 9.04101e-40, 0.0473931], [0.988022, 2.19062e-173, 8.98432e-57, 2.91693e-41, 0.0119784], [0.999999, 5.59356e-198, 3.18835e-69, 1.01653e-45, 6.70492e-07], [0.999997, 2.13084e-197, 1.29987e-69, 7.58285e-46, 3.1855e-06], [1.0, 5.89745e-201, 3.29031e-74, 1.57465e-48, 3.59015e-07], [1.0, 1.40655e-224, 5.64783e-75, 1.64112e-47, 4.97685e-08]], [[0.2, 0.2, 0.2, 0.2, 0.2], [0.264803, 2.52446e-14, 0.305624, 0.299235, 0.130339], [0.712699, 9.70141e-25, 0.110916, 0.00124258, 0.175142], [0.999236, 5.8911e-32, 5.2625e-06, 1.44759e-06, 0.000757636], [1.0, 3.25666e-119, 1.51663e-36, 3.74862e-27, 4.11622e-26], [1.0, 1.58697e-148, 2.80183e-38, 6.31551e-27, 2.8454e-27], [1.0, 3.94652e-157, 5.90412e-44, 1.84227e-34, 1.2299e-29], [1.0, 1.24496e-281, 1.55357e-133, 6.19556e-138, 7.29377e-86], [1.0, 0.0, 6.7165e-191, 5.48319e-192, 1.20554e-91], [1.0, 0.0, 3.61349e-200, 4.81246e-199, 9.23899e-92], [1.0, 0.0, 3.83098e-200, 1.66797e-200, 7.45404e-92]], [[0.2, 0.2, 0.2, 0.2, 0.2], [0.33142, 8.17703e-18, 0.270432, 0.262072, 0.136076], [0.726696, 1.8343e-56, 1.27678e-14, 1.52433e-22, 0.273304], [0.678243, 1.31072e-92, 1.13021e-47, 2.65308e-59, 0.321757], [0.750999, 1.91388e-104, 1.10083e-49, 5.93183e-62, 0.249001], [0.718978, 9.42653e-124, 3.95142e-63, 2.14561e-75, 0.281022], [0.666299, 6.9751e-128, 1.8836e-63, 8.4487e-75, 0.333701], [0.999916, 2.00472e-158, 1.51188e-94, 3.03975e-106, 8.42555e-05], [0.999999, 3.26642e-200, 4.66441e-101, 2.7092e-120, 1.11031e-06], [0.999996, 2.1764e-224, 4.97206e-103, 7.99109e-121, 4.07536e-06], [0.999996, 2.04826e-243, 2.0185e-121, 5.98211e-140, 3.95433e-06]], [[0.2, 0.2, 0.2, 0.2, 0.2], [0.395255, 1.10337e-39, 0.226468, 0.239573, 0.138703], [0.74426, 4.44724e-59, 2.02685e-06, 5.14398e-08, 0.255738], [0.946645, 5.37689e-63, 2.12764e-05, 7.21578e-08, 0.0533337], [0.999489, 1.03612e-124, 2.34429e-11, 3.06044e-08, 0.000510844], [0.999868, 1.29818e-157, 8.42179e-15, 1.13108e-13, 0.000132275], [0.999945, 2.33783e-174, 9.63759e-15, 2.80515e-13, 5.52901e-05], [1.0, 4.7606e-242, 1.24901e-71, 3.2562e-64, 5.30866e-32], [1.0, 3.71135e-269, 4.78381e-97, 2.44124e-87, 1.27784e-32], [1.0, 5.0043e-274, 4.8571e-96, 2.11778e-86, 1.40422e-32], [1.0, 0.0, 8.01894e-144, 7.85347e-138, 8.28317e-63]], [[0.2, 0.2, 0.2, 0.2, 0.2], [0.346618, 8.30117e-30, 0.247764, 0.216398, 0.189221], [0.611707, 6.49987e-40, 0.0001894, 3.4354e-05, 0.388069], [0.5674, 2.9665e-41, 0.000550797, 0.000257603, 0.431792], [0.895336, 3.47191e-75, 6.37569e-33, 3.24234e-36, 0.104664], [0.922367, 2.51236e-112, 3.60374e-47, 7.77118e-53, 0.0776335], [0.955713, 3.97311e-179, 3.97452e-53, 1.07251e-55, 0.0442873], [0.902307, 1.87881e-211, 2.23431e-60, 6.33208e-63, 0.0976932], [0.910066, 1.00968e-231, 3.69365e-68, 6.67895e-73, 0.0899337], [0.936014, 1.22474e-243, 4.80476e-81, 1.10269e-84, 0.0639856], [0.947936, 3.85944e-242, 1.65073e-80, 3.41667e-84, 0.052064]], [[0.2, 0.2, 0.2, 0.2, 0.2], [0.339828, 6.51089e-24, 0.236861, 0.270875, 0.152436], [0.627677, 5.34719e-36, 1.05094e-13, 3.68478e-14, 0.372323], [0.819969, 8.83095e-101, 2.70002e-13, 1.92167e-13, 0.180031], [0.808792, 4.71438e-142, 1.09894e-23, 3.11369e-29, 0.191208], [0.813545, 1.53133e-189, 5.06865e-63, 8.94322e-77, 0.186455], [0.750677, 1.60449e-225, 7.16738e-65, 4.09712e-81, 0.249323], [0.712658, 1.88637e-234, 4.6869e-66, 1.73856e-80, 0.287342], [0.762998, 6.69852e-247, 4.42665e-77, 6.27766e-94, 0.237002], [0.678395, 1.38269e-255, 4.89794e-80, 4.48615e-93, 0.321605], [0.804443, 1.42208e-275, 5.3327e-101, 1.28141e-111, 0.195557]], [[0.2, 0.2, 0.2, 0.2, 0.2], [0.316205, 2.3816e-16, 0.275863, 0.270924, 0.137007], [0.707464, 3.96087e-79, 3.92663e-31, 2.39458e-37, 0.292536], [0.591894, 5.80636e-89, 2.35479e-31, 1.87057e-36, 0.408106], [0.869075, 6.53051e-102, 6.18639e-45, 9.9889e-46, 0.130925], [0.944624, 2.85912e-114, 4.40715e-45, 1.61559e-54, 0.0553758], [1.0, 1.04926e-226, 1.29359e-73, 1.31578e-115, 4.01667e-53], [1.0, 2.52609e-255, 2.46335e-102, 6.49022e-135, 1.85814e-53], [1.0, 1.4397e-255, 6.36652e-102, 6.18934e-134, 9.83717e-59], [1.0, 1.15542e-290, 1.32813e-125, 1.76055e-134, 1.26257e-72], [1.0, 3.78289e-289, 7.32743e-125, 6.8916e-134, 7.95983e-73]], [[0.2, 0.2, 0.2, 0.2, 0.2], [0.307433, 5.86683e-16, 0.257498, 0.286868, 0.148201], [0.628091, 4.24394e-46, 9.08797e-19, 6.53276e-18, 0.371909], [0.63194, 1.05194e-74, 7.47459e-22, 2.29872e-24, 0.36806], [0.619022, 6.05102e-88, 1.86086e-30, 2.67676e-37, 0.380978], [0.349533, 1.13861e-91, 6.99078e-34, 2.12502e-40, 0.650467], [0.406305, 8.73193e-137, 1.31407e-62, 3.71876e-86, 0.593695], [0.201216, 3.15252e-143, 5.37299e-62, 1.24181e-85, 0.798784], [0.834951, 1.70617e-147, 3.33537e-64, 3.59348e-88, 0.165049], [0.434383, 5.81874e-146, 2.09231e-63, 2.14475e-87, 0.565617], [0.948228, 7.97268e-172, 1.62072e-69, 2.56273e-86, 0.0517719]], [[0.2, 0.2, 0.2, 0.2, 0.2], [0.33721, 9.82226e-24, 0.237009, 0.259569, 0.166212], [0.787994, 7.46695e-114, 0.00120824, 4.87531e-12, 0.210798], [0.811656, 1.51744e-121, 0.000776251, 1.67468e-11, 0.187568], [0.999913, 4.38989e-125, 3.74538e-05, 5.35484e-11, 4.9221e-05], [1.0, 4.35187e-212, 6.12602e-73, 2.21391e-44, 5.25002e-51], [1.0, 2.85832e-237, 1.568e-97, 2.25383e-63, 1.44945e-56], [1.0, 1.77599e-237, 4.50182e-98, 1.99152e-64, 1.76833e-60], [1.0, 2.38054e-295, 7.50661e-147, 3.00424e-123, 1.19586e-90], [1.0, 0.0, 2.73521e-148, 2.22463e-142, 2.76849e-91], [1.0, 0.0, 2.19657e-195, 1.66938e-196, 1.39354e-119]], [[0.2, 0.2, 0.2, 0.2, 0.2], [0.377811, 4.14539e-29, 0.242896, 0.223387, 0.155906], [0.691539, 2.00841e-68, 2.50439e-35, 1.41531e-38, 0.308461], [0.666101, 1.05272e-74, 4.38154e-36, 1.36463e-37, 0.333899], [0.75481, 4.64516e-76, 1.66933e-37, 5.90616e-40, 0.24519], [0.805234, 9.30576e-101, 1.44435e-38, 1.1741e-39, 0.194766], [0.978327, 5.68564e-172, 6.80921e-50, 2.2285e-102, 0.0216733], [0.981608, 2.15082e-200, 3.20619e-49, 5.10002e-107, 0.018392], [0.978964, 2.6188e-206, 1.09997e-54, 1.00791e-110, 0.0210358], [0.999918, 8.42194e-226, 7.14285e-74, 9.72654e-131, 8.17072e-05], [1.0, 1.32553e-269, 8.07489e-91, 1.12744e-141, 3.7643e-15]], [[0.2, 0.2, 0.2, 0.2, 0.2], [0.35415, 3.55944e-24, 0.242475, 0.25275, 0.150626], [0.673769, 1.95175e-41, 3.59783e-13, 3.7476e-14, 0.326231], [0.242166, 5.6836e-40, 8.85084e-13, 9.59161e-14, 0.757834], [0.506153, 5.00003e-56, 1.43958e-25, 1.58201e-30, 0.493847], [0.131559, 5.04746e-55, 1.66405e-25, 1.6441e-30, 0.868441], [0.856235, 7.21495e-70, 6.7204e-29, 5.65588e-29, 0.143765], [1.0, 4.24889e-81, 1.46594e-40, 3.55713e-41, 9.11039e-10], [1.0, 5.69036e-197, 1.84297e-104, 5.45327e-85, 9.32801e-19], [1.0, 5.72703e-235, 3.65409e-109, 1.78899e-86, 7.57315e-19], [1.0, 6.49352e-286, 2.23262e-114, 5.03559e-104, 1.93373e-24]], [[0.2, 0.2, 0.2, 0.2, 0.2], [0.443877, 1.20452e-53, 0.203336, 0.211908, 0.140879], [0.651926, 4.47759e-69, 0.111022, 0.0147651, 0.222287], [0.688551, 9.554e-69, 0.037812, 0.00310942, 0.270528], [0.990934, 3.83922e-84, 8.81785e-10, 2.86432e-11, 0.00906629], [0.984222, 2.85799e-99, 6.74617e-23, 1.82618e-22, 0.0157778], [0.999972, 1.56932e-114, 1.90503e-36, 1.13906e-36, 2.76655e-05], [1.0, 3.66974e-169, 6.40726e-38, 8.11685e-37, 2.58808e-09], [1.0, 5.21819e-175, 1.36554e-37, 2.13828e-36, 2.21461e-09], [1.0, 2.90141e-180, 1.56395e-36, 2.39396e-35, 9.24862e-18], [1.0, 2.67431e-251, 4.28052e-49, 5.32221e-41, 4.27701e-19]], [[0.2, 0.2, 0.2, 0.2, 0.2], [0.404563, 6.25021e-48, 0.22763, 0.193152, 0.174654], [0.633017, 2.32273e-59, 2.8678e-09, 1.30024e-10, 0.366983], [0.619595, 6.51668e-59, 3.8446e-09, 3.20014e-10, 0.380405], [0.748, 1.01153e-117, 5.4643e-18, 3.86681e-56, 0.252], [0.928171, 2.04954e-172, 4.39713e-74, 5.73504e-110, 0.071829], [0.978658, 6.16158e-219, 8.1194e-80, 1.25335e-124, 0.0213417], [0.977521, 1.74308e-293, 2.57092e-133, 1.6962e-200, 0.0224792], [0.98131, 0.0, 7.01311e-134, 1.70461e-235, 0.0186905], [0.924415, 0.0, 2.45688e-133, 1.7117e-235, 0.0755853], [1.0, 0.0, 1.12245e-139, 4.02784e-242, 3.19975e-09]], [[0.2, 0.2, 0.2, 0.2, 0.2], [0.380668, 1.14986e-25, 0.258499, 0.220236, 0.140596], [0.706705, 3.02041e-61, 3.31104e-29, 6.16246e-29, 0.293295], [0.635524, 3.58601e-70, 1.08155e-37, 6.97758e-37, 0.364476], [0.981144, 8.37261e-110, 1.10181e-37, 2.37564e-49, 0.0188565], [0.942749, 2.81398e-111, 2.9802e-39, 4.08306e-50, 0.0572512], [1.0, 1.05491e-137, 3.77731e-53, 2.93565e-56, 8.57258e-08], [1.0, 1.03182e-174, 4.78302e-91, 2.23433e-94, 1.47674e-09], [1.0, 1.43115e-238, 2.05023e-124, 7.2455e-119, 4.38751e-12], [1.0, 2.27347e-269, 1.05927e-123, 8.2819e-120, 1.16506e-11], [1.0, 8.2519e-305, 6.32411e-137, 6.2844e-130, 9.73052e-12]], [[0.2, 0.2, 0.2, 0.2, 0.2], [0.398629, 6.23028e-34, 0.229456, 0.218003, 0.153913], [0.745112, 1.46032e-84, 4.13258e-40, 1.13342e-40, 0.254888], [0.782566, 6.56537e-130, 3.05561e-44, 2.34959e-73, 0.217434], [0.807354, 5.64246e-176, 2.86746e-80, 1.38148e-72, 0.192646], [1.0, 5.90344e-236, 1.39924e-139, 2.25379e-108, 2.83293e-13], [1.0, 8.34103e-298, 6.11124e-192, 1.89785e-107, 6.99433e-14], [1.0, 0.0, 8.65723e-206, 1.89147e-151, 2.97251e-14], [1.0, 0.0, 2.12764e-210, 1.9566e-172, 2.23262e-14], [1.0, 0.0, 3.56762e-210, 1.95818e-171, 2.24471e-14], [1.0, 0.0, 1.25526e-229, 3.27362e-182, 6.23495e-19]], [[0.2, 0.2, 0.2, 0.2, 0.2], [0.384854, 6.72284e-34, 0.228613, 0.229999, 0.156534], [0.618595, 1.45431e-45, 0.0111939, 0.0065287, 0.363683], [0.845097, 1.06053e-51, 0.013584, 4.86219e-06, 0.141314], [0.993518, 3.81663e-124, 2.65011e-11, 1.03038e-05, 0.00647132], [0.994448, 1.90581e-169, 1.85006e-40, 1.61832e-26, 0.00555176], [0.979457, 1.8866e-170, 1.06566e-39, 1.3366e-25, 0.0205426], [0.999999, 6.18579e-181, 2.40314e-40, 2.99962e-25, 8.79386e-07], [1.0, 1.35124e-211, 5.66286e-62, 2.24772e-52, 6.00048e-09], [1.0, 2.3663e-291, 5.03384e-116, 4.52256e-97, 9.79381e-11], [1.0, 0.0, 8.96367e-122, 1.78705e-99, 1.06243e-10]], [[0.2, 0.2, 0.2, 0.2, 0.2], [0.35063, 2.02388e-21, 0.258072, 0.25088, 0.140417], [0.68624, 6.70174e-38, 4.03767e-13, 1.69262e-18, 0.31376], [0.987848, 1.10244e-47, 5.73926e-24, 3.15571e-23, 0.0121518], [0.987493, 2.62295e-48, 1.61533e-25, 3.84301e-23, 0.0125069], [0.999741, 1.29132e-55, 1.44671e-24, 2.25311e-28, 0.000259311], [1.0, 1.34042e-70, 3.67274e-36, 2.57872e-43, 8.73058e-17], [1.0, 1.34697e-101, 2.45752e-37, 2.58525e-59, 6.90783e-22], [1.0, 1.07067e-100, 2.06543e-36, 7.62385e-59, 1.22433e-25], [1.0, 9.05384e-145, 3.04082e-62, 5.88152e-58, 2.61817e-40], [1.0, 1.55071e-205, 2.02612e-122, 2.73117e-74, 1.7053e-40]], [[0.2, 0.2, 0.2, 0.2, 0.2], [0.250725, 5.80846e-22, 0.30426, 0.276229, 0.168787], [0.544729, 3.11645e-31, 5.44578e-10, 1.16328e-10, 0.455271], [0.675169, 2.03287e-39, 3.48169e-09, 5.92483e-11, 0.324831], [0.999987, 1.39649e-69, 2.65096e-23, 2.39392e-29, 1.32736e-05], [1.0, 3.3498e-110, 1.86578e-24, 1.9028e-28, 9.43771e-08], [1.0, 3.60501e-168, 3.49213e-57, 3.43981e-52, 8.1973e-10], [1.0, 2.38573e-186, 2.666e-76, 2.3362e-71, 6.58365e-10], [1.0, 1.01926e-191, 4.66489e-82, 5.66623e-77, 1.81108e-17], [1.0, 1.09611e-203, 1.98624e-93, 3.87749e-86, 1.24282e-22], [1.0, 4.13615e-203, 8.62539e-93, 8.8927e-86, 2.76822e-23]], [[0.2, 0.2, 0.2, 0.2, 0.2], [0.358217, 5.7165e-29, 0.221407, 0.256369, 0.164007], [0.668807, 4.18394e-65, 3.54153e-11, 3.83473e-13, 0.331193], [0.615669, 9.91239e-67, 5.64393e-13, 5.75887e-15, 0.384331], [0.983304, 5.32197e-87, 1.64876e-23, 1.14361e-30, 0.0166963], [0.996684, 1.05848e-91, 1.45006e-23, 3.66212e-30, 0.00331645], [0.999476, 3.58401e-108, 6.0972e-29, 1.65771e-40, 0.000524453], [1.0, 1.37999e-111, 4.47304e-29, 2.51016e-41, 4.23681e-10], [1.0, 4.22834e-186, 7.6419e-44, 1.24367e-57, 2.56463e-11], [1.0, 3.63116e-199, 1.87794e-44, 2.61573e-57, 2.75901e-11], [1.0, 1.88824e-201, 4.05759e-45, 3.88074e-57, 1.36436e-13]], [[0.2, 0.2, 0.2, 0.2, 0.2], [0.380829, 1.13611e-35, 0.226925, 0.231109, 0.161137], [0.652417, 2.08736e-81, 6.34303e-16, 8.25962e-19, 0.347583], [0.447777, 7.82795e-82, 3.82796e-15, 1.84544e-18, 0.552223], [0.927383, 7.34368e-104, 2.86928e-23, 5.31291e-26, 0.0726169], [0.939341, 2.38592e-120, 4.0754e-24, 1.17478e-25, 0.060659], [0.998841, 1.46459e-121, 1.02268e-23, 4.39907e-25, 0.00115879], [0.999811, 2.1614e-213, 3.1776e-93, 1.70471e-92, 0.000188511], [0.999812, 9.97599e-242, 1.16916e-103, 7.6352e-102, 0.000187563], [0.999079, 5.03635e-240, 5.52277e-103, 4.01967e-101, 0.000920906], [0.998028, 5.57439e-288, 1.07063e-116, 9.05574e-116, 0.00197185]], [[0.2, 0.2, 0.2, 0.2, 0.2], [0.233945, 8.73076e-10, 0.312205, 0.364994, 0.0888565], [0.0213201, 1.03921e-08, 0.318763, 0.409912, 0.250005], [0.00910678, 2.92472e-48, 0.404816, 0.55633, 0.0297468], [0.00309741, 1.08705e-68, 0.462783, 0.519067, 0.0150529], [0.0599289, 1.11593e-68, 0.211375, 0.381737, 0.346959], [0.216016, 2.70802e-96, 4.56542e-25, 1.61325e-29, 0.783984], [0.201749, 7.24261e-113, 3.11231e-24, 1.05689e-32, 0.798251], [0.989569, 3.13515e-119, 7.56847e-30, 3.17423e-35, 0.010431], [0.99969, 5.00825e-181, 6.27739e-80, 3.82332e-51, 0.00030981], [1.0, 2.18632e-223, 1.28146e-84, 5.19605e-54, 2.54432e-13]], [[0.2, 0.2, 0.2, 0.2, 0.2], [0.372849, 2.41516e-43, 0.244884, 0.209076, 0.17319], [0.661556, 7.79593e-55, 1.75547e-09, 5.3057e-12, 0.338444], [0.740986, 2.52918e-65, 3.69829e-18, 7.74032e-18, 0.259014], [0.815903, 9.99668e-67, 1.80254e-17, 8.41834e-17, 0.184097], [0.999376, 2.30909e-93, 2.61036e-43, 3.70201e-44, 0.000624372], [1.0, 6.69958e-130, 1.53981e-44, 1.01138e-46, 5.37197e-09], [1.0, 9.60305e-175, 4.68114e-53, 8.43704e-57, 1.84154e-09], [1.0, 3.87662e-211, 1.70584e-88, 1.13699e-85, 5.92647e-09], [1.0, 1.11488e-272, 9.87678e-88, 3.71458e-121, 6.12631e-09], [1.0, 8.87055e-287, 4.80721e-87, 6.81663e-123, 5.22188e-09]], [[0.2, 0.2, 0.2, 0.2, 0.2], [0.314046, 1.5983e-23, 0.266147, 0.253742, 0.166065], [0.685015, 1.53016e-87, 2.49898e-13, 2.70726e-28, 0.314985], [0.671965, 4.30212e-153, 9.12995e-13, 1.89088e-28, 0.328035], [0.663132, 1.18237e-161, 1.52992e-21, 1.41882e-34, 0.336868], [0.994459, 8.80665e-166, 5.84103e-25, 2.8231e-35, 0.00554134], [0.999673, 2.06418e-223, 1.50849e-25, 3.18846e-58, 0.000327319], [0.999103, 1.15734e-235, 2.40066e-30, 5.67979e-70, 0.000897079], [0.999939, 3.00485e-244, 6.82481e-30, 1.79571e-70, 6.13175e-05], [0.999922, 1.29733e-262, 2.65295e-46, 9.13646e-90, 7.79871e-05], [0.999992, 8.21281e-265, 3.00633e-48, 5.6135e-90, 7.88387e-06]], [[0.2, 0.2, 0.2, 0.2, 0.2], [0.293764, 2.10328e-22, 0.283803, 0.296197, 0.126236], [0.708128, 1.99849e-53, 9.55167e-21, 1.61704e-30, 0.291872], [0.369583, 7.04614e-54, 8.30002e-21, 4.97568e-32, 0.630417], [0.414432, 6.40164e-72, 1.30391e-24, 3.05706e-38, 0.585568], [0.930187, 1.88801e-82, 3.39673e-30, 7.09805e-48, 0.0698132], [0.997935, 2.461e-108, 2.90977e-37, 3.05823e-47, 0.00206492], [1.0, 4.16394e-121, 1.32002e-50, 5.49382e-61, 3.90842e-11], [1.0, 9.38249e-137, 8.71629e-53, 5.60506e-60, 1.0367e-11], [1.0, 4.82057e-163, 6.95188e-78, 5.05166e-78, 3.23033e-15], [1.0, 1.1236e-226, 2.94753e-140, 1.93727e-142, 2.01092e-39]], [[0.2, 0.2, 0.2, 0.2, 0.2], [0.371387, 7.04089e-40, 0.221216, 0.238607, 0.16879], [0.80547, 7.39928e-106, 9.47783e-09, 1.3749e-14, 0.19453], [0.813086, 3.75084e-113, 2.61665e-13, 1.10094e-15, 0.186914], [0.750215, 2.62581e-120, 1.13032e-18, 1.18497e-23, 0.249785], [0.979459, 2.96549e-196, 8.71144e-56, 1.09009e-71, 0.0205407], [0.979039, 9.21622e-248, 9.66828e-62, 3.29794e-79, 0.0209615], [0.955424, 2.92732e-249, 4.79825e-62, 7.8199e-81, 0.0445764], [0.986949, 1.81054e-277, 1.85987e-72, 2.1434e-87, 0.0130513], [0.999689, 2.49653e-291, 1.19683e-74, 2.11358e-100, 0.00031123], [1.0, 0.0, 2.01439e-96, 2.29673e-99, 3.76491e-11]], [[0.2, 0.2, 0.2, 0.2, 0.2], [0.341053, 2.08794e-39, 0.22754, 0.256663, 0.174745], [0.670685, 2.83803e-61, 5.01014e-19, 5.08938e-22, 0.329315], [0.968977, 1.70891e-61, 1.057e-18, 1.18381e-22, 0.0310233], [0.997863, 1.64727e-116, 9.10537e-42, 1.16141e-41, 0.0021368], [0.997391, 1.12419e-123, 2.69818e-41, 6.89553e-41, 0.00260932], [0.998119, 6.94308e-202, 1.203e-60, 1.85062e-70, 0.00188111], [0.997337, 8.40355e-214, 1.48e-67, 2.70833e-82, 0.00266287], [0.99993, 2.80558e-264, 3.76225e-119, 1.07576e-120, 6.95754e-05], [1.0, 5.48314e-309, 1.58864e-146, 1.96999e-161, 1.17829e-14], [1.0, 0.0, 2.27784e-216, 7.83081e-225, 8.01691e-15]]], [[[0.2, 0.2, 0.2, 0.2, 0.2], [0.00417887, 0.56704, 0.0598392, 0.0599066, 0.309035], [4.96993e-05, 0.726959, 0.0071701, 0.00757596, 0.258245], [2.29665e-06, 0.855106, 0.0025708, 0.00279384, 0.139527], [1.13253e-08, 0.944536, 0.000262298, 0.000291839, 0.0549101], [6.83485e-11, 0.965507, 1.34167e-05, 1.85555e-05, 0.0344607], [1.01189e-12, 0.983734, 3.37081e-06, 4.62471e-06, 0.0162582], [4.59158e-15, 0.993598, 3.07192e-07, 4.25077e-07, 0.00640129], [4.44957e-17, 0.997285, 5.18483e-08, 7.72089e-08, 0.0027151], [1.28851e-17, 0.996725, 3.89738e-08, 4.01268e-08, 0.00327508], [2.61373e-19, 0.998733, 2.72204e-08, 2.65715e-08, 0.00126707]], [[0.2, 0.2, 0.2, 0.2, 0.2], [0.00408078, 0.582962, 0.0468206, 0.0503391, 0.315797], [0.000209479, 0.683917, 0.0220786, 0.0243127, 0.269482], [1.19152e-06, 0.862069, 0.00151574, 0.00185483, 0.134559], [1.1767e-08, 0.896331, 0.000140412, 0.000191226, 0.103337], [6.78971e-10, 0.926397, 7.17778e-05, 9.887e-05, 0.073432], [1.12699e-11, 0.942832, 6.52503e-06, 1.18788e-05, 0.0571492], [4.65931e-14, 0.983823, 3.33824e-07, 6.556e-07, 0.0161764], [3.24122e-16, 0.994154, 2.60275e-08, 5.19075e-08, 0.00584624], [2.19863e-18, 0.997322, 1.91769e-09, 3.93686e-09, 0.002678], [1.00407e-20, 0.998482, 1.21201e-10, 2.7251e-10, 0.00151769]], [[0.2, 0.2, 0.2, 0.2, 0.2], [0.0412087, 0.346931, 0.161348, 0.184539, 0.265973], [0.0041749, 0.555234, 0.0571956, 0.0722262, 0.311169], [4.50963e-05, 0.812116, 0.011275, 0.0152193, 0.161344], [2.05209e-07, 0.931471, 0.000809886, 0.00119345, 0.0665251], [3.1583e-09, 0.956998, 6.07855e-05, 9.85473e-05, 0.0428424], [1.99082e-11, 0.967815, 4.59396e-06, 9.16885e-06, 0.0321712], [2.70434e-13, 0.974144, 4.55847e-07, 9.79406e-07, 0.0258547], [6.3575e-15, 0.974861, 1.65097e-07, 3.47866e-07, 0.0251388], [3.9002e-17, 0.994888, 1.02608e-08, 2.26874e-08, 0.00511154], [5.77045e-19, 0.996673, 8.08476e-10, 2.20423e-09, 0.00332706]], [[0.2, 0.2, 0.2, 0.2, 0.2], [0.00314703, 0.585554, 0.0450171, 0.0508583, 0.315423], [3.47395e-05, 0.799528, 0.00634322, 0.00734684, 0.186747], [4.10262e-07, 0.86384, 0.000727669, 0.00103307, 0.134399], [1.99407e-09, 0.897026, 4.06743e-05, 6.61635e-05, 0.102867], [3.88912e-11, 0.901174, 8.51917e-06, 1.52644e-05, 0.0988023], [2.26219e-13, 0.976649, 6.61212e-07, 1.312e-06, 0.0233492], [1.41391e-14, 0.993222, 6.46332e-07, 1.1666e-06, 0.00677614], [9.78726e-17, 0.995106, 4.84518e-08, 9.95176e-08, 0.00489382], [4.68097e-19, 0.996051, 2.54265e-09, 5.52213e-09, 0.00394942], [2.79226e-21, 0.996598, 1.38851e-10, 3.15809e-10, 0.00340243]], [[0.2, 0.2, 0.2, 0.2, 0.2], [0.00281359, 0.588231, 0.0419212, 0.0505528, 0.316481], [4.41678e-05, 0.796357, 0.00692422, 0.00944456, 0.18723], [3.06791e-07, 0.918969, 0.000540058, 0.000792715, 0.0796981], [1.82409e-09, 0.956165, 3.7266e-05, 6.64184e-05, 0.043731], [9.25896e-12, 0.979958, 2.32206e-06, 4.96402e-06, 0.0200345], [4.3753e-14, 0.987389, 1.81688e-07, 3.79766e-07, 0.01261], [3.8851e-16, 0.992951, 2.02928e-08, 4.4311e-08, 0.00704914], [4.65685e-18, 0.995805, 2.20387e-09, 5.1737e-09, 0.00419502], [5.92524e-20, 0.996465, 2.84415e-10, 7.99853e-10, 0.00353482], [3.22261e-22, 0.998425, 2.0154e-11, 5.82044e-11, 0.00157463]], [[0.2, 0.2, 0.2, 0.2, 0.2], [0.00246451, 0.587203, 0.0461471, 0.0461019, 0.318083], [3.02748e-05, 0.814856, 0.00696071, 0.00765506, 0.170498], [3.6668e-07, 0.895401, 0.000851245, 0.0010209, 0.102727], [4.45528e-09, 0.923454, 0.000147105, 0.00018235, 0.0762169], [2.59062e-11, 0.97308, 8.16642e-06, 1.15034e-05, 0.0269008], [4.48699e-13, 0.990659, 1.0813e-06, 1.49607e-06, 0.00933845], [3.59269e-15, 0.994711, 1.33872e-07, 1.83169e-07, 0.00528882], [1.96404e-17, 0.996364, 1.33657e-08, 1.9134e-08, 0.00363595], [9.23179e-20, 0.998025, 7.94894e-10, 1.40436e-09, 0.0019746], [5.87329e-22, 0.998984, 4.2686e-11, 8.71859e-11, 0.0010164]], [[0.2, 0.2, 0.2, 0.2, 0.2], [0.0194928, 0.407844, 0.150274, 0.144665, 0.277724], [0.00175868, 0.58861, 0.0571436, 0.0594791, 0.293008], [9.92154e-06, 0.864573, 0.00732877, 0.00751638, 0.120572], [3.52902e-07, 0.908788, 0.00179861, 0.00195925, 0.0874533], [1.66505e-09, 0.972937, 8.5958e-05, 0.000112964, 0.026864], [7.53762e-12, 0.986089, 7.70972e-06, 9.8786e-06, 0.0138934], [1.37736e-11, 0.915049, 9.5314e-05, 0.000125732, 0.0847297], [1.36072e-13, 0.986628, 7.74195e-06, 1.52941e-05, 0.0133489], [5.87739e-16, 0.989604, 3.24862e-07, 6.96666e-07, 0.0103953], [4.09986e-18, 0.997147, 4.09537e-08, 8.77642e-08, 0.00285271]], [[0.2, 0.2, 0.2, 0.2, 0.2], [0.0143088, 0.457937, 0.110064, 0.127968, 0.289722], [0.000177031, 0.706415, 0.016054, 0.0211261, 0.256227], [6.09363e-06, 0.769701, 0.00348679, 0.005402, 0.221404], [3.56369e-08, 0.884939, 0.000350625, 0.000587231, 0.114123], [2.50902e-10, 0.927373, 4.64441e-05, 7.80143e-05, 0.0725027], [3.01165e-12, 0.967154, 1.07478e-05, 1.86472e-05, 0.0328164], [3.37369e-14, 0.992212, 6.28568e-07, 1.30262e-06, 0.00778643], [5.48908e-15, 0.994507, 2.77533e-07, 6.27835e-07, 0.00549233], [4.00208e-17, 0.997456, 1.36642e-08, 3.02879e-08, 0.00254358], [2.05306e-19, 0.998975, 1.24123e-09, 2.88318e-09, 0.00102506]], [[0.2, 0.2, 0.2, 0.2, 0.2], [0.00401403, 0.580586, 0.04998, 0.051942, 0.313478], [4.81991e-05, 0.712838, 0.00846793, 0.00899374, 0.269652], [1.04857e-06, 0.77035, 0.00225275, 0.00257861, 0.224818], [9.68181e-09, 0.903652, 0.00020056, 0.000260263, 0.0958868], [2.64305e-10, 0.948705, 4.78601e-05, 6.07562e-05, 0.0511865], [2.32829e-12, 0.960412, 3.62888e-06, 5.27713e-06, 0.0395786], [1.24504e-14, 0.966396, 1.9975e-07, 3.02543e-07, 0.0336036], [5.91759e-17, 0.987223, 1.51867e-08, 2.57882e-08, 0.0127768], [7.50375e-18, 0.994396, 2.15365e-08, 3.10859e-08, 0.00560424], [5.01252e-19, 0.991036, 1.08375e-08, 2.1092e-08, 0.00896441]], [[0.2, 0.2, 0.2, 0.2, 0.2], [0.00315499, 0.590056, 0.0430346, 0.0511597, 0.312595], [6.94917e-05, 0.789484, 0.0100903, 0.0125534, 0.187803], [4.63181e-07, 0.865018, 0.000740847, 0.00102536, 0.133215], [2.92303e-09, 0.915963, 5.79122e-05, 8.69978e-05, 0.0838925], [1.90967e-11, 0.956247, 7.0738e-06, 1.0471e-05, 0.0437357], [8.89059e-14, 0.987216, 6.14818e-07, 8.50676e-07, 0.0127826], [9.25967e-16, 0.990443, 4.42352e-08, 7.45304e-08, 0.00955681], [3.90401e-18, 0.992194, 2.72923e-09, 5.40891e-09, 0.00780622], [2.26177e-20, 0.99335, 2.19541e-10, 5.24179e-10, 0.00665021], [1.58143e-22, 0.995417, 2.57708e-11, 5.99643e-11, 0.00458258]], [[0.2, 0.2, 0.2, 0.2, 0.2], [0.00533137, 0.554979, 0.0658584, 0.070526, 0.303305], [5.73355e-05, 0.806294, 0.0103549, 0.0110798, 0.172214], [7.16499e-07, 0.89131, 0.00195015, 0.00211433, 0.104625], [1.1289e-08, 0.944138, 0.000227933, 0.000305984, 0.0553281], [2.90066e-10, 0.957506, 2.38894e-05, 3.49645e-05, 0.0424351], [1.18192e-12, 0.977046, 1.57222e-06, 2.7366e-06, 0.0229499], [7.63814e-15, 0.989046, 1.73734e-07, 2.75523e-07, 0.0109533], [3.23179e-17, 0.997541, 8.40195e-09, 1.61838e-08, 0.00245857], [1.59438e-19, 0.998445, 5.83413e-10, 1.20138e-09, 0.00155514], [8.16959e-22, 0.998939, 3.9434e-11, 9.14657e-11, 0.00106084]], [[0.2, 0.2, 0.2, 0.2, 0.2], [0.00467089, 0.571055, 0.0543166, 0.0570951, 0.312862], [3.51049e-05, 0.802371, 0.00692554, 0.00797642, 0.182692], [5.9679e-07, 0.874475, 0.00155122, 0.00172315, 0.12225], [3.08533e-09, 0.915454, 8.82326e-05, 0.000135042, 0.0843223], [1.35407e-11, 0.934281, 5.55525e-06, 1.00099e-05, 0.0657034], [8.34722e-14, 0.966304, 6.81549e-07, 1.34644e-06, 0.0336937], [4.5161e-16, 0.989799, 5.39888e-08, 1.11939e-07, 0.0102011], [2.59061e-18, 0.997558, 3.55142e-09, 8.96469e-09, 0.00244209], [1.16177e-20, 0.998203, 2.52304e-10, 6.721e-10, 0.00179677], [5.6452e-22, 0.999301, 2.87607e-11, 9.45382e-11, 0.000698614]], [[0.2, 0.2, 0.2, 0.2, 0.2], [0.04399, 0.138181, 0.294224, 0.302692, 0.220913], [0.000839733, 0.585928, 0.0781164, 0.0898225, 0.245294], [1.82488e-05, 0.744309, 0.0292024, 0.0358113, 0.190659], [9.65404e-08, 0.91279, 0.00156154, 0.00228583, 0.0833623], [1.3053e-09, 0.940917, 0.000349175, 0.000540076, 0.0581942], [3.20089e-11, 0.954622, 4.84949e-05, 8.03756e-05, 0.0452489], [1.0299e-11, 0.834661, 0.000153429, 0.000249564, 0.164936], [2.13584e-12, 0.972611, 0.000288167, 0.000490766, 0.0266101], [1.03254e-14, 0.980026, 1.30782e-05, 3.06294e-05, 0.0199303], [8.86143e-17, 0.996827, 8.45477e-07, 2.01696e-06, 0.00317048]], [[0.2, 0.2, 0.2, 0.2, 0.2], [0.0067608, 0.532348, 0.0773694, 0.0814435, 0.302079], [0.000146384, 0.72699, 0.0109263, 0.0147149, 0.247222], [1.59112e-06, 0